1.496521837480479533e+01 1.611453224679613383e+00 -1.182196377282873812e+01 -8.204671527034880896e+00 2.023836253629266446e-01 -6.222810728676966718e+00 -5.438296738481128045e+00
1.611453224679613383e+00 1.774978362682274602e-01 -1.285881029462590641e+00 -9.190752124244065957e-01 2.196247325222494551e-02 -6.741196922994470153e-01 -5.851457972593461232e-01
-1.182196377282873812e+01 -1.285881029462590641e+00 9.410924193151050332e+00 6.631570142890609532e+00 -1.605851500561615297e-01 4.933589115177049678e+00 4.300099219843227516e+00
-8.204671527034880896e+00 -9.190752124244065957e-01 6.631570142890609532e+00 4.844392644439686535e+00 -1.124003091294442369e-01 3.450217651081999293e+00 2.976587931486936789e+00
2.023836253629266446e-01 2.196247325222494551e-02 -1.605851500561615297e-01 -1.124003091294442369e-01 2.745601795362579908e-03 -8.447995482981725257e-02 -7.357981830459894845e-02
-6.222810728676966718e+00 -6.741196922994470153e-01 4.933589115177049678e+00 3.450217651081999293e+00 -8.447995482981725257e-02 2.603095662730365856e+00 2.270001447249841320e+00
-5.438296738481128045e+00 -5.851457972593461232e-01 4.300099219843227516e+00 2.976587931486936789e+00 -7.357981830459894845e-02 2.270001447249841320e+00 1.990996153874536212e+00
