5.802733306591742348e+02 6.854609668584120641e+01 -4.720485366977724198e+02 -2.518796029982864297e+02 8.385786489301491287e+00 -2.498666502022086036e+02 -2.475007836500400913e+02
6.854609668584120641e+01 8.242571091107320669e+00 -5.637078549416117568e+01 -3.089406364978635011e+01 9.978902271955044645e-01 -2.977682832017558567e+01 -2.923542028818033955e+01
-4.720485366977724198e+02 -5.637078549416117568e+01 3.866079992905490030e+02 2.096070136790720255e+02 -6.852705666937428219e+00 2.043727057684442059e+02 2.013450825506457988e+02
-2.518796029982864297e+02 -3.089406364978635011e+01 2.096070136790720255e+02 1.184874087603773063e+02 -3.696385821492644386e+00 1.104421054705837122e+02 1.073880580351220999e+02
8.385786489301491287e+00 9.978902271955044645e-01 -6.852705666937428219e+00 -3.696385821492644386e+00 1.215587755462370911e-01 -3.624442214047531419e+00 -3.576881098643867940e+00
-2.498666502022086036e+02 -2.977682832017558567e+01 2.043727057684442059e+02 1.104421054705837122e+02 -3.624442214047531419e+00 1.081056895683222479e+02 1.065863944675588897e+02
-2.475007836500400913e+02 -2.923542028818033955e+01 2.013450825506457988e+02 1.073880580351220999e+02 -3.576881098643867940e+00 1.065863944675588897e+02 1.055769312209579454e+02
