2.499931828511464857e+02 -2.920498376018838026e+05 1.026976163436421484e+05 -1.211674607943150659e+04 8.140707347627653689e+00 1.861039129842966940e+04 -6.536745200996843750e+12 -2.363326322808365489e+02
-2.920498376018838026e+05 4.361010264559379220e+08 -1.122230949288570881e+08 1.666815976030100137e+07 -9.417197856517603213e+03 -2.242301046240639314e+07 7.869685359680453000e+15 2.747633923101231921e+05
1.026976163436421484e+05 -1.122230949288570881e+08 4.649997096130011976e+07 -4.905072265082646161e+06 3.351030546760390280e+03 9.434364528281178325e+06 -3.297220987344708500e+15 -9.717098059702242608e+04
-1.211674607943150659e+04 1.666815976030100137e+07 -4.905072265082646161e+06 1.395512982114075916e+06 -3.826724166161577045e+02 -1.915740285946504446e+06 6.713404612884728750e+14 1.111114419033597915e+04
8.140707347627653689e+00 -9.417197856517603213e+03 3.351030546760390280e+03 -3.826724166161577045e+02 2.661967629490036291e-01 5.913997148466525005e+02 -2.078675619362303162e+11 -7.702430436440735662e+00
1.861039129842966940e+04 -2.242301046240639314e+07 9.434364528281178325e+06 -1.915740285946504446e+06 5.913997148466525005e+02 3.669415502621859312e+06 -1.282689938382115250e+15 -1.707810940622414637e+04
-6.536745200996843750e+12 7.869685359680453000e+15 -3.297220987344708500e+15 6.713404612884728750e+14 -2.078675619362303162e+11 -1.282689938382115250e+15 4.486684172414235967e+23 5.995000407126247070e+12
-2.363326322808365489e+02 2.747633923101231921e+05 -9.717098059702242608e+04 1.111114419033597915e+04 -7.702430436440735662e+00 -1.707810940622414637e+04 5.995000407126247070e+12 2.237566312821221288e+02
