1.940106346841034668e+00 2.008612975665254453e+03 -2.593255963568106381e+03 -1.276376443401597527e+02 4.727518589154546191e+01 3.757460192901571627e-01 -8.162648796454470825e+10 6.055999186380550725e+01
2.008612975665254453e+03 2.094983830272531603e+06 -2.692365290079704486e+06 -1.356247912130401819e+05 4.883341380886750994e+04 3.880017118763564099e+02 -8.433019928910151562e+13 6.251657832092515309e+04
-2.593255963568106381e+03 -2.692365290079704486e+06 3.471360200682095252e+06 1.719989830398249906e+05 -6.323689881415912532e+04 -5.015527613564624403e+02 1.091194402722823438e+14 -8.093555019594061014e+04
-1.276376443401597527e+02 -1.356247912130401819e+05 1.719989830398249906e+05 9.658229433377742680e+03 -3.026549064117888975e+03 -2.464161397422034128e+01 5.255835409493336914e+12 -3.884328387441671111e+03
4.727518589154546191e+01 4.883341380886750994e+04 -6.323689881415912532e+04 -3.026549064117888975e+03 1.163949598930763841e+03 9.137339135078583752e+00 -2.002455944885953857e+12 1.486495470220329025e+03
3.757460192901571627e-01 3.880017118763564099e+02 -5.015527613564624403e+02 -2.464161397422034128e+01 9.137339135078583752e+00 7.403180953116336727e-02 -1.579513883200750351e+10 1.172019159865013727e+01
-8.162648796454470825e+10 -8.433019928910151562e+13 1.091194402722823438e+14 5.255835409493336914e+12 -2.002455944885953857e+12 -1.579513883200750351e+10 3.450586576290277491e+21 -2.561061972412661133e+12
6.055999186380550725e+01 6.251657832092515309e+04 -8.093555019594061014e+04 -3.884328387441671111e+03 1.486495470220329025e+03 1.172019159865013727e+01 -2.561061972412661133e+12 1.901242326109502073e+03
