6.457804426342127044e+02 8.609503408063476115e+01 -6.020056916627661394e+02 -3.038146272372823091e+02 1.058720877096031465e+01 -3.194910526844594187e+02 -2.782475698290969035e+02
8.609503408063476115e+01 1.373758063967863308e+01 -9.546330132784572697e+01 -4.640300160357195125e+01 1.670212075035456989e+00 -5.100288883015232244e+01 -3.765582584842110236e+01
-6.020056916627661394e+02 -9.546330132784572697e+01 6.697263586786025371e+02 3.186510452885663653e+02 -1.171713261961138386e+01 3.584210602216147663e+02 2.634912266974978934e+02
-3.038146272372823091e+02 -4.640300160357195125e+01 3.186510452885663653e+02 1.751656793588510652e+02 -5.458008291110701293e+00 1.649896872840425317e+02 1.316241863338417204e+02
1.058720877096031465e+01 1.670212075035456989e+00 -1.171713261961138386e+01 -5.458008291110701293e+00 2.062532638232916493e-01 -6.314670530291343731e+00 -4.636318375947525716e+00
-3.194910526844594187e+02 -5.100288883015232244e+01 3.584210602216147663e+02 1.649896872840425317e+02 -6.314670530291343731e+00 1.937766428694085050e+02 1.401561109420932780e+02
-2.782475698290969035e+02 -3.765582584842110236e+01 2.634912266974978934e+02 1.316241863338417204e+02 -4.636318375947525716e+00 1.401561109420932780e+02 1.200810601717198978e+02
