2.843821100008269553e+01 3.938484424750365724e+04 -4.615600542452439549e+04 -2.245314446475671957e+03 1.119490929264557280e+03 -1.491742237553041748e+12 1.059518729660193230e+03
3.938484424750365724e+04 5.527664290248695761e+07 -6.426805072437294573e+07 -3.317615617409562692e+06 1.538303451678336598e+06 -2.047857781643622000e+15 1.460301177091356833e+06
-4.615600542452439549e+04 -6.426805072437294573e+07 7.507878746468046308e+07 3.746237600934902672e+06 -1.810972213830801891e+06 2.412419784751078000e+15 -1.716286812956866343e+06
-2.245314446475671957e+03 -3.317615617409562692e+06 3.746237600934902672e+06 2.486565519902942178e+05 -8.384874961925516254e+04 1.116007752339742500e+14 -8.151571347093832446e+04
1.119490929264557280e+03 1.538303451678336598e+06 -1.810972213830801891e+06 -8.384874961925516254e+04 4.437627251431789773e+04 -5.911884603340056250e+13 4.183529189300524013e+04
-1.491742237553041748e+12 -2.047857781643622000e+15 2.412419784751078000e+15 1.116007752339742500e+14 -5.911884603340056250e+13 7.879848001603749754e+22 -5.576769909331361719e+13
1.059518729660193230e+03 1.460301177091356833e+06 -1.716286812956866343e+06 -8.151571347093832446e+04 4.183529189300524013e+04 -5.576769909331361719e+13 3.954719888052464376e+04
