4.970462736992789701e+02 7.534027081412767757e+01 -4.788218967080216544e+02 -2.534532504051944386e+02 -2.290973983048354867e+00 -2.617733714901562507e+02 -2.288168187941197971e+02
7.534027081412767757e+01 1.462795142949913973e+01 -9.161319850318253089e+01 -4.623132520008851287e+01 -2.035679651523870926e-01 -5.079686919511150478e+01 -3.554804779097105438e+01
-4.788218967080216544e+02 -9.161319850318253089e+01 5.779739892635768683e+02 2.879065732132940525e+02 1.341261654766211509e+00 3.207376803776296583e+02 2.259462996435406694e+02
-2.534532504051944386e+02 -4.623132520008851287e+01 2.879065732132940525e+02 1.639079300705853655e+02 9.615468391449324415e-01 1.539232364974395750e+02 1.179683942710666713e+02
-2.290973983048354867e+00 -2.035679651523870926e-01 1.341261654766211509e+00 9.615468391449324415e-01 1.983647040777223453e-02 6.588591369143358412e-01 1.011602464871766083e+00
-2.617733714901562507e+02 -5.079686919511150478e+01 3.207376803776296583e+02 1.539232364974395750e+02 6.588591369143358412e-01 1.802215828716821591e+02 1.239864622140746349e+02
-2.288168187941197971e+02 -3.554804779097105438e+01 2.259462996435406694e+02 1.179683942710666713e+02 1.011602464871766083e+00 1.239864622140746349e+02 1.056493223760259923e+02
