2.836585836046964104e+01 1.302310728598939527e+01 -8.171071625687977757e+01 -3.221155926032594152e+01 3.144134456773524655e-01 -4.727366679824508111e+01 -1.570353383788301471e+01
1.302310728598939527e+01 6.059661353030150188e+00 -3.771798340544356876e+01 -1.578019378117950744e+01 1.429441606143514731e-01 -2.151402425462727308e+01 -7.175064163955563679e+00
-8.171071625687977757e+01 -3.771798340544356876e+01 2.359003877319057665e+02 9.539813824153851840e+01 -9.012137888579253575e-01 1.356857048703481041e+02 4.514781132037374789e+01
-3.221155926032594152e+01 -1.578019378117950744e+01 9.539813824153851840e+01 5.129898926841637774e+01 -3.326898407968331139e-01 5.088234233170820175e+01 1.738038668930068553e+01
3.144134456773524655e-01 1.429441606143514731e-01 -9.012137888579253575e-01 -3.326898407968331139e-01 3.694158096437512827e-03 -5.273446229274929564e-01 -1.744772706572516874e-01
-4.727366679824508111e+01 -2.151402425462727308e+01 1.356857048703481041e+02 5.088234233170820175e+01 -5.273446229274929564e-01 7.933115836657782438e+01 2.625946141359285591e+01
-1.570353383788301471e+01 -7.175064163955563679e+00 4.514781132037374789e+01 1.738038668930068553e+01 -1.744772706572516874e-01 2.625946141359285591e+01 8.709480807224480259e+00
