5.264464508941237000e+02 2.243512125003109104e+05 -4.187287177839237265e+05 -2.413556629193924527e+04 5.997024124630573169e+03 3.908498888630590784e+01 -1.054497048734079492e+13 1.466170855498594028e+04
2.243512125003109104e+05 9.769624981172937155e+07 -1.801845991284550726e+08 -1.063397884020679630e+07 2.567285777504925616e+06 1.681710119893326919e+04 -4.537989670497019000e+15 6.247787482089553028e+06
-4.187287177839237265e+05 -1.801845991284550726e+08 3.345071762047045231e+08 1.948753137840813026e+07 -4.779897702101988718e+06 -3.122393724996781020e+04 8.424748122610927000e+15 -1.166133543764847890e+07
-2.413556629193924527e+04 -1.063397884020679630e+07 1.948753137840813026e+07 1.166710908153010299e+06 -2.769174310025102459e+05 -1.818029085268247172e+03 4.906749229544676875e+14 -6.716145088698605541e+05
5.997024124630573169e+03 2.567285777504925616e+06 -4.779897702101988718e+06 -2.769174310025102459e+05 6.839517902508519182e+04 4.462238376941925253e+02 -1.203949888000182812e+14 1.670038886568807939e+05
3.908498888630590784e+01 1.681710119893326919e+04 -3.122393724996781020e+04 -1.818029085268247172e+03 4.462238376941925253e+02 2.915325280087464943e+00 -7.865792052352067871e+11 1.088662316141027077e+03
-1.054497048734079492e+13 -4.537989670497019000e+15 8.424748122610927000e+15 4.906749229544676875e+14 -1.203949888000182812e+14 -7.865792052352067871e+11 2.122287920006034149e+23 -2.937048469392358125e+14
1.466170855498594028e+04 6.247787482089553028e+06 -1.166133543764847890e+07 -6.716145088698605541e+05 1.670038886568807939e+05 1.088662316141027077e+03 -2.937048469392358125e+14 4.084591048578114714e+05
