2.043025622406398497e+03 -1.778578070890579605e+06 8.029278527849462116e+05 -2.011929938436084558e+04 1.396304183415129773e+04 -1.060928359389469336e+13 6.359655900199113967e+04
-1.778578070890579605e+06 2.514230446505782127e+09 -6.605052008970416784e+08 3.685116148943690211e+07 -1.202760319047786109e+07 1.312881057018914800e+16 -5.510598903113454580e+07
8.029278527849462116e+05 -6.605052008970416784e+08 3.325022707185984254e+08 -8.614100047631042078e+06 5.478652257128080353e+06 -6.021568788248916000e+15 2.505654086706004664e+07
-2.011929938436084558e+04 3.685116148943690211e+07 -8.614100047631042078e+06 2.555127995598744601e+06 -1.304100646646855021e+05 1.248885223864383750e+15 -5.905923189094382105e+05
1.396304183415129773e+04 -1.202760319047786109e+07 5.478652257128080353e+06 -1.304100646646855021e+05 9.561954871525437920e+04 -7.030086840097860156e+13 4.347535733009452233e+05
-1.060928359389469336e+13 1.312881057018914800e+16 -6.021568788248916000e+15 1.248885223864383750e+15 -7.030086840097860156e+13 9.033870265297202158e+23 -3.085193949032189375e+14
6.359655900199113967e+04 -5.510598903113454580e+07 2.505654086706004664e+07 -5.905923189094382105e+05 4.347535733009452233e+05 -3.085193949032189375e+14 1.982557428566538962e+06
