2.081421691216336098e+06 4.152020009956199210e+05 -3.196090611912285443e+06 -1.360536407352376264e+06 -1.503133031299690716e+06 1.905017234089837928e+02 2.162231933252426097e+04 -7.715942991431937553e+05 1.695385110743179685e+06
4.152020009956199210e+05 8.576830354104436992e+04 -6.479141275071447017e+05 -2.835365460987840779e+05 -3.042718596424447023e+05 3.870201089875952505e+01 4.373745868958731080e+03 -1.560306681589169020e+05 3.447170128800618695e+05
-3.196090611912285443e+06 -6.479141275071447017e+05 4.957265647322170436e+06 2.127252317997289822e+06 2.331371526468493976e+06 -2.958119197742860251e+02 -3.355609052038236405e+04 1.195910479607790243e+06 -2.615580594482501969e+06
-1.360536407352376264e+06 -2.835365460987840779e+05 2.127252317997289822e+06 1.013666031527115032e+06 9.712133564431535779e+05 -1.248777203575060781e+02 -1.395971648828356410e+04 5.010255352094802074e+05 -1.135390664878596319e+06
-1.503133031299690716e+06 -3.042718596424447023e+05 2.331371526468493976e+06 9.712133564431535779e+05 1.107126392259981483e+06 -1.400497035258752305e+02 -1.594167294704406959e+04 5.669669527710720431e+05 -1.226840037522003986e+06
1.905017234089837928e+02 3.870201089875952505e+01 -2.958119197742860251e+02 -1.248777203575060781e+02 -1.400497035258752305e+02 1.778065316275086183e-02 2.017908980417052689e+00 -7.186775453223526711e+01 1.547887093285308424e+02
2.162231933252426097e+04 4.373745868958731080e+03 -3.355609052038236405e+04 -1.395971648828356410e+04 -1.594167294704406959e+04 2.017908980417052689e+00 2.300886506367787092e+02 -8.174185737191033695e+03 1.752217178944991974e+04
-7.715942991431937553e+05 -1.560306681589169020e+05 1.195910479607790243e+06 5.010255352094802074e+05 5.669669527710720431e+05 -7.186775453223526711e+01 -8.174185737191033695e+03 2.918213697921581334e+05 -6.222423313688375056e+05
1.695385110743179685e+06 3.447170128800618695e+05 -2.615580594482501969e+06 -1.135390664878596319e+06 -1.226840037522003986e+06 1.547887093285308424e+02 1.752217178944991974e+04 -6.222423313688375056e+05 1.468286121433734195e+06
