9.449320677846758372e+02 -7.328883749445966678e+05 3.704860630154657410e+05 -7.277810539804353539e+03 5.546169671937717794e+03 -3.273040248396162109e+12 2.951032157098474272e+04
-7.328883749445966678e+05 8.795429593526897430e+08 -2.564414084189698398e+08 1.325801894403185509e+07 -4.251518854074856266e+06 1.263537220033500000e+15 -2.276118562061895803e+07
3.704860630154657410e+05 -2.564414084189698398e+08 1.555136236368372142e+08 -3.568426672009340487e+06 2.170591578769021202e+06 -2.596697802417994500e+15 1.159311386607280560e+07
-7.277810539804353539e+03 1.325801894403185509e+07 -3.568426672009340487e+06 1.205208653235466452e+06 -3.895415787725093833e+04 5.752700161454730000e+14 -2.111946543097350223e+05
5.546169671937717794e+03 -4.251518854074856266e+06 2.170591578769021202e+06 -3.895415787725093833e+04 3.260075694485290296e+04 -1.782778575095734766e+13 1.733083695945440559e+05
-3.273040248396162109e+12 1.263537220033500000e+15 -2.596697802417994500e+15 5.752700161454730000e+14 -1.782778575095734766e+13 4.435405114308385372e+23 -9.364690198622409375e+13
2.951032157098474272e+04 -2.276118562061895803e+07 1.159311386607280560e+07 -2.111946543097350223e+05 1.733083695945440559e+05 -9.364690198622409375e+13 9.227635271881064400e+05
