1.086750278413662454e+04 1.258898386553212255e+07 -1.503342285767276213e+07 -7.757026146449481603e+05 -4.646281751322821875e+14 2.092420767975657782e+03 2.670598216778892674e+05 3.416766624082896160e+05 4.624096812474172475e+04
1.258898386553212255e+07 1.466379981221278381e+10 -1.744439946906415176e+10 -9.141405716947467327e+08 -5.370583688346853120e+17 2.421795281803123653e+06 3.082159415874821544e+08 3.946650417008410692e+08 5.434049895724425465e+07
-1.503342285767276213e+07 -1.744439946906415176e+10 2.081153310888136292e+10 1.076968100500118732e+09 6.427299261857089280e+17 -2.892479586304693017e+06 -3.694195014175819159e+08 -4.725758269377438426e+08 -6.405131474200058728e+07
-7.757026146449481603e+05 -9.141405716947467327e+08 1.076968100500118732e+09 5.988859129647972435e+07 3.266636318543092800e+16 -1.496680740403726231e+05 -1.861436408397755027e+07 -2.395504680473974347e+07 -3.538312960637202021e+06
-4.646281751322821875e+14 -5.370583688346853120e+17 6.427299261857089280e+17 3.266636318543092800e+16 1.993572816332390932e+25 -8.934803442062154688e+13 -1.148112862960805600e+16 -1.466673575211909800e+16 -1.946715636899262000e+15
2.092420767975657782e+03 2.421795281803123653e+06 -2.892479586304693017e+06 -1.496680740403726231e+05 -8.934803442062154688e+13 4.035785942713172290e+02 5.131565217462388682e+04 6.569472016127713141e+04 8.946203506455729439e+03
2.670598216778892674e+05 3.082159415874821544e+08 -3.694195014175819159e+08 -1.861436408397755027e+07 -1.148112862960805600e+16 5.131565217462388682e+04 6.621959806250815280e+06 8.449780042112600058e+06 1.105687084302491741e+06
3.416766624082896160e+05 3.946650417008410692e+08 -4.725758269377438426e+08 -2.395504680473974347e+07 -1.466673575211909800e+16 6.569472016127713141e+04 8.449780042112600058e+06 1.079217273670083843e+07 1.426814854428871535e+06
4.624096812474172475e+04 5.434049895724425465e+07 -6.405131474200058728e+07 -3.538312960637202021e+06 -1.946715636899262000e+15 8.946203506455729439e+03 1.105687084302491741e+06 1.426814854428871535e+06 2.153102893154126359e+05
