1.707164673265027410e+00 1.936156591540014460e+03 -2.346442049984819732e+03 -1.103572143552751612e+02 -7.400012550065443420e+10 3.278025026601038006e-01 4.279965398447807701e+01 5.461316484521655212e+01 6.822470061328216318e+00
1.936156591540014460e+03 2.217940916604336351e+06 -2.670690200085678604e+06 -1.298962487157453725e+05 -8.360465925425559375e+13 3.715912267571636676e+02 4.828750765375000628e+04 6.162046407354025723e+04 7.874162100045232364e+03
-2.346442049984819732e+03 -2.670690200085678604e+06 3.230605919431013986e+06 1.536147560875129420e+05 1.016564074409193906e+14 -4.504254797961958730e+02 -5.881551657184657233e+04 -7.498759715742089611e+04 -9.380157294498318151e+03
-1.103572143552751612e+02 -1.298962487157453725e+05 1.536147560875129420e+05 8.486459013036041142e+03 4.669150139211324219e+12 -2.130915959185592357e+01 -2.681334736039112158e+03 -3.426167012698611416e+03 -4.768764824125701125e+02
-7.400012550065443420e+10 -8.360465925425559375e+13 1.016564074409193906e+14 4.669150139211324219e+12 3.222288390929937596e+21 -1.419224685417264175e+10 -1.867655275122016602e+12 -2.379381312870412598e+12 -2.902725930761431274e+11
3.278025026601038006e-01 3.715912267571636676e+02 -4.504254797961958730e+02 -2.130915959185592357e+01 -1.419224685417264175e+10 6.308454643446267940e-02 8.206245383971381813e+00 1.047156692111499865e+01 1.312879456129575795e+00
4.279965398447807701e+01 4.828750765375000628e+04 -5.881551657184657233e+04 -2.681334736039112158e+03 -1.867655275122016602e+12 8.206245383971381813e+00 1.084678999874702185e+03 1.379382106635950549e+03 1.652563283017302638e+02
5.461316484521655212e+01 6.162046407354025723e+04 -7.498759715742089611e+04 -3.426167012698611416e+03 -2.379381312870412598e+12 1.047156692111499865e+01 1.379382106635950549e+03 1.757449019368892550e+03 2.135818428931035839e+02
6.822470061328216318e+00 7.874162100045232364e+03 -9.380157294498318151e+03 -4.768764824125701125e+02 -2.902725930761431274e+11 1.312879456129575795e+00 1.652563283017302638e+02 2.135818428931035839e+02 3.080965098516258749e+01
