6.013861422237173429e+03 2.350546472491277655e+03 -1.470567757897036608e+04 -5.320429899562452192e+03 -8.298357592678410583e+03 1.088885448092357988e+00 1.359819167764520387e+02 -2.887871314283494485e+03 2.656301707025657834e+03
2.350546472491277655e+03 9.244570349375578644e+02 -5.763451830570577840e+03 -2.149428709016380253e+03 -3.233113143448436858e+03 4.255932244174128187e-01 5.294529821538866088e+01 -1.123955432224868900e+03 1.048385696545503833e+03
-1.470567757897036608e+04 -5.763451830570577840e+03 3.601653336216248135e+04 1.317598583476409840e+04 2.028370655418012393e+04 -2.661918227222427102e+00 -3.325435324458729269e+02 7.055542755931900501e+03 -6.484217047072819696e+03
-5.320429899562452192e+03 -2.149428709016380253e+03 1.317598583476409840e+04 5.734457415744740501e+03 7.149943971897168012e+03 -9.689640706989687269e-01 -1.162497654729648815e+02 2.473336708654080212e+03 -2.547080640990843222e+03
-8.298357592678410583e+03 -3.233113143448436858e+03 2.028370655418012393e+04 7.149943971897168012e+03 1.150528674964700622e+04 -1.500575486269469128e+00 -1.889488825476212810e+02 4.005825131387097827e+03 -3.594374671286785087e+03
1.088885448092357988e+00 4.255932244174128187e-01 -2.661918227222427102e+00 -9.689640706989687269e-01 -1.500575486269469128e+00 1.975984813629054829e-04 2.457953480083555770e-02 -5.221137857310198527e-01 4.821296400604360155e-01
1.359819167764520387e+02 5.294529821538866088e+01 -3.325435324458729269e+02 -1.162497654729648815e+02 -1.889488825476212810e+02 2.457953480083555770e-02 3.109099867847104015e+00 -6.580036978525211566e+01 5.792844186145876506e+01
-2.887871314283494485e+03 -1.123955432224868900e+03 7.055542755931900501e+03 2.473336708654080212e+03 4.005825131387097827e+03 -5.221137857310198527e-01 -6.580036978525211566e+01 1.395111206589644780e+03 -1.247354168645694472e+03
2.656301707025657834e+03 1.048385696545503833e+03 -6.484217047072819696e+03 -2.547080640990843222e+03 -3.594374671286785087e+03 4.821296400604360155e-01 5.792844186145876506e+01 -1.247354168645694472e+03 1.337764536691657895e+03
