4.767915507276594553e+02 1.923907408292569744e+05 -2.271798570058167679e+05 -1.521668083390896754e+04 4.402727905698904578e+03 2.567537446888265151e+01 -6.922769141476839844e+12 1.434960845385582616e+04
1.923907408292569744e+05 7.894380271553781629e+07 -9.269767233509591222e+07 -6.354106151380454190e+06 1.782835279068055563e+06 1.045410981752019507e+04 -2.819206717223556000e+15 5.791041291416352615e+06
-2.271798570058167679e+05 -9.269767233509591222e+07 1.090609516035039127e+08 7.416860141900840215e+06 -2.102569383844843134e+06 -1.230764881471757508e+04 3.318815664781485000e+15 -6.838385897186775692e+06
-1.521668083390896754e+04 -6.354106151380454190e+06 7.416860141900840215e+06 5.667597919201146578e+05 -1.415267773640362138e+05 -8.342818298097347451e+02 2.259918448455136875e+14 -4.579316064790594974e+05
4.402727905698904578e+03 1.782835279068055563e+06 -2.102569383844843134e+06 -1.415267773640362138e+05 4.071834355389724806e+04 2.375711146270748770e+02 -6.405744677465214844e+13 1.325067516971300647e+05
2.567537446888265151e+01 1.045410981752019507e+04 -1.230764881471757508e+04 -8.342818298097347451e+02 2.375711146270748770e+02 1.390011705037276002e+00 -3.747992171967189331e+11 7.729365761456195969e+02
-6.922769141476839844e+12 -2.819206717223556000e+15 3.318815664781485000e+15 2.259918448455136875e+14 -6.405744677465214844e+13 -3.747992171967189331e+11 1.010819980808451994e+23 -2.083998236733397500e+14
1.434960845385582616e+04 5.791041291416352615e+06 -6.838385897186775692e+06 -4.579316064790594974e+05 1.325067516971300647e+05 7.729365761456195969e+02 -2.083998236733397500e+14 4.319296345871995436e+05
