9.397670881005991683e-01 9.153512682649823091e+02 -1.217815837348712193e+03 -4.932763162426919479e+01 2.725222836426750561e+01 -3.995217144865535736e+10 3.017952968317062457e+01
9.153512682649823091e+02 9.041836357558586169e+05 -1.192108770131744677e+06 -5.077337695368750428e+04 2.642067086949176155e+04 -3.873875858072446094e+13 2.922146932373605523e+04
-1.217815837348712193e+03 -1.192108770131744677e+06 1.581564883979738690e+06 6.500546338415545324e+04 -3.532024431764344627e+04 5.174636836145793750e+13 -3.907006716117992619e+04
-4.932763162426919479e+01 -5.077337695368750428e+04 6.500546338415545324e+04 3.421122749343759097e+03 -1.369459948502931638e+03 2.022783392459809326e+12 -1.516021532924598432e+03
2.725222836426750561e+01 2.642067086949176155e+04 -3.532024431764344627e+04 -1.369459948502931638e+03 7.990028422815431668e+02 -1.167387379041014648e+12 8.825665243599664791e+02
-3.995217144865535736e+10 -3.873875858072446094e+13 5.174636836145793750e+13 2.022783392459809326e+12 -1.167387379041014648e+12 1.707925359582427742e+21 -1.291058057684479248e+12
3.017952968317062457e+01 2.922146932373605523e+04 -3.907006716117992619e+04 -1.516021532924598432e+03 8.825665243599664791e+02 -1.291058057684479248e+12 9.762020908698733592e+02
