5.173994826750892173e+01 7.321501724703356740e+04 -8.497832557127208565e+04 9.124640741151597351e+06 1.773809880058524186e+03 4.346262963623721600e+08 1.872454290586387500e+14 1.906407723429467296e+03
7.321501724703356740e+04 1.044494700743982047e+08 -1.206624521592212766e+08 1.358680953625043869e+10 2.494573741929701064e+06 6.471641719114617920e+11 2.790290501621318400e+17 2.689623868168320507e+06
-8.497832557127208565e+04 -1.206624521592212766e+08 1.397774045538399220e+08 -1.546981923446081161e+10 -2.905058216538905632e+06 -7.368548472887780762e+11 -3.176028806699770240e+17 -3.127184231214027852e+06
9.124640741151597351e+06 1.358680953625043869e+10 -1.546981923446081161e+10 3.988571804256138500e+15 2.794119586215760708e+08 1.898806757325212160e+17 8.296035727564759420e+22 3.322907436093716025e+08
1.773809880058524186e+03 2.494573741929701064e+06 -2.905058216538905632e+06 2.794119586215760708e+08 6.126222199306065158e+04 1.330954419465834618e+10 5.723783393580833000e+15 6.551028786052290525e+04
4.346262963623721600e+08 6.471641719114617920e+11 -7.368548472887780762e+11 1.898806757325212160e+17 1.330954419465834618e+10 9.039494032285479936e+18 3.949425866489254914e+24 1.582769928974956703e+10
1.872454290586387500e+14 2.790290501621318400e+17 -3.176028806699770240e+17 8.296035727564759420e+22 5.723783393580833000e+15 3.949425866489254914e+24 1.725535284344709414e+30 6.817513539111023000e+15
1.906407723429467296e+03 2.689623868168320507e+06 -3.127184231214027852e+06 3.322907436093716025e+08 6.551028786052290525e+04 1.582769928974956703e+10 6.817513539111023000e+15 7.032613714240308036e+04
