9.295221745781473146e+02 6.145193437929496838e+01 -8.835151392583366032e+02 -4.157860610441130689e+02 -5.982944620676764025e+00 -4.707866947190354949e+02 -3.756208450200198286e+02
6.145193437929496838e+01 4.180165786110502602e+00 -5.864666005030640861e+01 -2.712435074397476598e+01 -3.949660933766364623e-01 -3.131006041395390227e+01 -2.494153048123425975e+01
-8.835151392583366032e+02 -5.864666005030640861e+01 8.513224028802551402e+02 4.038042443937907819e+02 5.780658728821962633e+00 4.514609660298133349e+02 3.564901235335845513e+02
-4.157860610441130689e+02 -2.712435074397476598e+01 4.038042443937907819e+02 2.005283118633514050e+02 2.793908760925818413e+00 2.116226442702713939e+02 1.664504083064873328e+02
-5.982944620676764025e+00 -3.949660933766364623e-01 5.780658728821962633e+00 2.793908760925818413e+00 3.990552469915542577e-02 3.048791021664401857e+00 2.408003290830353471e+00
-4.707866947190354949e+02 -3.131006041395390227e+01 4.514609660298133349e+02 2.116226442702713939e+02 3.048791021664401857e+00 2.404088347141426993e+02 1.903166631436601506e+02
-3.756208450200198286e+02 -2.494153048123425975e+01 3.564901235335845513e+02 1.664504083064873328e+02 2.408003290830353471e+00 1.903166631436601506e+02 1.520124243327244358e+02
