8.223301887350238345e-04 3.609284021282238020e-01 -8.893258737399861724e-01 6.187623234857871773e-02 3.142266087500290850e-02 -4.506614024381048232e+07 3.587376284469618454e-02
3.609284021282238020e-01 2.068795426036850813e+02 -4.180783361749680580e+02 2.002457777629468438e+01 1.391256960227618222e+01 -1.974742299268111420e+10 1.531200765296166288e+01
-8.893258737399861724e-01 -4.180783361749680580e+02 9.801716994534064042e+02 -6.261000329723436408e+01 -3.412312417808460907e+01 4.878869417908290863e+10 -3.856062246478781219e+01
6.187623234857871773e-02 2.002457777629468438e+01 -6.261000329723436408e+01 5.849331133699030794e+00 2.356723382785306242e+00 -3.410751746411697865e+09 2.776432779428526842e+00
3.142266087500290850e-02 1.391256960227618222e+01 -3.412312417808460907e+01 2.356723382785306242e+00 1.206309922516041189e+00 -1.727758221856015444e+09 1.372397621391176159e+00
-4.506614024381048232e+07 -1.974742299268111420e+10 4.878869417908290863e+10 -3.410751746411697865e+09 -1.727758221856015444e+09 2.476365954497911296e+18 -1.969501054872321129e+09
3.587376284469618454e-02 1.531200765296166288e+01 -3.856062246478781219e+01 2.776432779428526842e+00 1.372397621391176159e+00 -1.969501054872321129e+09 1.570804263405538581e+00
