2.114050122585502453e+06 4.205904054322605953e+05 -3.243886568379635457e+06 -1.376218796385390684e+06 -1.526058844371072948e+06 1.931522139649600547e+02 2.198172147763067187e+04 -7.850685747298005736e+05 1.712265056165375281e+06
4.205904054322605953e+05 8.671404784746342921e+04 -6.563175565757390577e+05 -2.863552199924148736e+05 -3.082824733278285130e+05 3.915772858447346039e+01 4.438189491845912016e+03 -1.583332697542143287e+05 3.472375637287300779e+05
-3.243886568379635457e+06 -6.563175565757390577e+05 5.021486356875951402e+06 2.150218661255796906e+06 2.363878002113372087e+06 -2.997155987645546134e+02 -3.407070849640505912e+04 1.215889968921833439e+06 -2.638139812815302983e+06
-1.376218796385390684e+06 -2.863552199924148736e+05 2.150218661255796906e+06 1.024080845749552362e+06 9.816134824086610461e+05 -1.261224791599107959e+02 -1.412758615209047275e+04 5.074576740803210414e+05 -1.142657803759911098e+06
-1.526058844371072948e+06 -3.082824733278285130e+05 2.363878002113372087e+06 9.816134824086610461e+05 1.123564518472627969e+06 -1.419723867694222008e+02 -1.620274650310165089e+04 5.766788119944629725e+05 -1.237724682683176128e+06
1.931522139649600547e+02 3.915772858447346039e+01 -2.997155987645546134e+02 -1.261224791599107959e+02 -1.419723867694222008e+02 1.800162248005478596e-02 2.048625252423649901e+00 -7.299258834404128038e+01 1.560362325826072265e+02
2.198172147763067187e+04 4.438189491845912016e+03 -3.407070849640505912e+04 -1.412758615209047275e+04 -1.620274650310165089e+04 2.048625252423649901e+00 2.342387995393806364e+02 -8.326914643348009122e+03 1.769411093993102259e+04
-7.850685747298005736e+05 -1.583332697542143287e+05 1.215889968921833439e+06 5.074576740803210414e+05 5.766788119944629725e+05 -7.299258834404128038e+01 -8.326914643348009122e+03 2.975081718160780147e+05 -6.291701766996277729e+05
1.712265056165375281e+06 3.472375637287300779e+05 -2.638139812815302983e+06 -1.142657803759911098e+06 -1.237724682683176128e+06 1.560362325826072265e+02 1.769411093993102259e+04 -6.291701766996277729e+05 1.475964486774624558e+06
