2.052933615726135940e+03 -1.815760960045463173e+06 8.068832476620238740e+05 -2.022034722501113356e+04 1.205868762734446682e+04 4.395374478600596194e+04 -1.066220209301761719e+13 6.399109194293677865e+04
-1.815760960045463173e+06 2.556090200048965454e+09 -6.761534736228091717e+08 3.563804255778323114e+07 -1.055964824065757915e+07 -5.269579179837357998e+07 1.242159314150443800e+16 -5.634795789920539409e+07
8.068832476620238740e+05 -6.761534736228091717e+08 3.341134636344810724e+08 -8.657769576963962987e+06 4.736762801367572509e+06 2.559343488245772198e+07 -6.043615503532102000e+15 2.520390334239324555e+07
-2.022034722501113356e+04 3.563804255778323114e+07 -8.657769576963962987e+06 2.566450886046467349e+06 -1.129880135408380156e+05 -5.306249147391663864e+06 1.254573286427267500e+15 -5.940980592269521439e+05
1.205868762734446682e+04 -1.055964824065757915e+07 4.736762801367572509e+06 -1.129880135408380156e+05 7.097419682658949750e+04 2.497812526301406615e+05 -6.089921469034560938e+13 3.760877631564571057e+05
4.395374478600596194e+04 -5.269579179837357998e+07 2.559343488245772198e+07 -5.306249147391663864e+06 2.497812526301406615e+05 1.626005098853867315e+07 -3.791780760762338500e+15 1.289139635108100018e+06
-1.066220209301761719e+13 1.242159314150443800e+16 -6.043615503532102000e+15 1.254573286427267500e+15 -6.089921469034560938e+13 -3.791780760762338500e+15 9.065000769039080043e+23 -3.114837111757881250e+14
6.399109194293677865e+04 -5.634795789920539409e+07 2.520390334239324555e+07 -5.940980592269521439e+05 3.760877631564571057e+05 1.289139635108100018e+06 -3.114837111757881250e+14 1.997243433716637548e+06
