2.499931828511464857e+02 -2.920498376018838026e+05 1.026976163436421484e+05 -1.211674607943150659e+04 8.140707347627653689e+00 1.861039129842966940e+04 -2.363326322808365489e+02
-2.920498376018838026e+05 4.361010264559379220e+08 -1.122230949288570881e+08 1.666815976030100137e+07 -9.417197856517603213e+03 -2.242301046240639314e+07 2.747633923101231921e+05
1.026976163436421484e+05 -1.122230949288570881e+08 4.649997096130011976e+07 -4.905072265082646161e+06 3.351030546760390280e+03 9.434364528281178325e+06 -9.717098059702242608e+04
-1.211674607943150659e+04 1.666815976030100137e+07 -4.905072265082646161e+06 1.395512982114075916e+06 -3.826724166161577045e+02 -1.915740285946504446e+06 1.111114419033597915e+04
8.140707347627653689e+00 -9.417197856517603213e+03 3.351030546760390280e+03 -3.826724166161577045e+02 2.661967629490036291e-01 5.913997148466525005e+02 -7.702430436440735662e+00
1.861039129842966940e+04 -2.242301046240639314e+07 9.434364528281178325e+06 -1.915740285946504446e+06 5.913997148466525005e+02 3.669415502621859312e+06 -1.707810940622414637e+04
-2.363326322808365489e+02 2.747633923101231921e+05 -9.717098059702242608e+04 1.111114419033597915e+04 -7.702430436440735662e+00 -1.707810940622414637e+04 2.237566312821221288e+02
