7.673258996427617662e-02 1.388778590864164775e-02 -1.234674370080077466e-01 -2.180565975996807404e-01 1.911144066022867332e-03 -6.942534718192006071e-02 -2.482639601381057132e-02
1.388778590864164775e-02 2.621156261081405113e-03 -2.262475833170719819e-02 -4.169417925095705857e-02 3.476922787958826788e-04 -1.245777875292248919e-02 -4.444511345124659701e-03
-1.234674370080077466e-01 -2.262475833170719819e-02 1.993666356030448505e-01 3.567622840280830765e-01 -3.087596318609890818e-03 1.113857637223895081e-01 3.983019944852776717e-02
-2.180565975996807404e-01 -4.169417925095705857e-02 3.567622840280830765e-01 6.674548801780418872e-01 -5.461246301014872212e-03 1.949752957708530965e-01 6.953425422328785022e-02
1.911144066022867332e-03 3.476922787958826788e-04 -3.087596318609890818e-03 -5.461246301014872212e-03 4.796363409600757521e-05 -1.735537024970174253e-03 -6.202691019782769584e-04
-6.942534718192006071e-02 -1.245777875292248919e-02 1.113857637223895081e-01 1.949752957708530965e-01 -1.735537024970174253e-03 6.291820943795174703e-02 2.249408513845768676e-02
-2.482639601381057132e-02 -4.444511345124659701e-03 3.983019944852776717e-02 6.953425422328785022e-02 -6.202691019782769584e-04 2.249408513845768676e-02 8.057094999484816847e-03
