9.581973993028566383e+02 4.454126118210229906e+05 -7.950705603715826292e+05 -4.409899963724964618e+04 1.120756371381053577e+04 8.973967088551829363e+01 -2.085978399162643359e+13 2.314952994151018356e+04
4.454126118210229906e+05 2.116492193389371037e+08 -3.719787429186650515e+08 -2.102165253668498993e+07 5.215717325603912584e+06 4.185376448694714782e+04 -9.750755183597754000e+15 1.073925079014826193e+07
-7.950705603715826292e+05 -3.719787429186650515e+08 6.614744948399047852e+08 3.690018864828888327e+07 -9.311703074275292456e+06 -7.462338648746398394e+04 1.734998836679357600e+16 -1.920281642992323637e+07
-4.409899963724964618e+04 -2.102165253668498993e+07 3.690018864828888327e+07 2.143077787377197295e+06 -5.121824340700972243e+05 -4.127381357649296660e+03 9.603353435916487500e+14 -1.055098407904033549e+06
1.120756371381053577e+04 5.215717325603912584e+06 -9.311703074275292456e+06 -5.121824340700972243e+05 1.318419952007376705e+05 1.054279897179829732e+03 -2.449832233166503125e+14 2.716109005580028752e+05
8.973967088551829363e+01 4.185376448694714782e+04 -7.462338648746398394e+04 -4.127381357649296660e+03 1.054279897179829732e+03 8.527900267218438302e+00 -1.961388374997802734e+12 2.171890838356340737e+03
-2.085978399162643359e+13 -9.750755183597754000e+15 1.734998836679357600e+16 9.603353435916487500e+14 -2.449832233166503125e+14 -1.961388374997802734e+12 4.561266491400183590e+23 -5.047691941362023750e+14
2.314952994151018356e+04 1.073925079014826193e+07 -1.920281642992323637e+07 -1.055098407904033549e+06 2.716109005580028752e+05 2.171890838356340737e+03 -5.047691941362023750e+14 5.611577242917242693e+05
