4.767915507276594553e+02 1.923907408292569744e+05 -2.271798570058167679e+05 -1.529472827056315509e+04 4.402727905698904578e+03 2.567537446888265151e+01 -6.924392764290740234e+12 1.434960845385582616e+04
1.923907408292569744e+05 7.894380271553781629e+07 -9.269767233509591222e+07 -6.388662177787700668e+06 1.782835279068055563e+06 1.045410981752019507e+04 -2.819925587121630500e+15 5.791041291416352615e+06
-2.271798570058167679e+05 -9.269767233509591222e+07 1.090609516035039127e+08 7.455899976341973990e+06 -2.102569383844843134e+06 -1.230764881471757508e+04 3.319627811452366500e+15 -6.838385897186775692e+06
-1.529472827056315509e+04 -6.388662177787700668e+06 7.455899976341973990e+06 5.275776044299202040e+05 -1.422667633476896153e+05 -8.385855983534878533e+02 2.262748837931907500e+14 -4.602152023824469070e+05
4.402727905698904578e+03 1.782835279068055563e+06 -2.102569383844843134e+06 -1.422667633476896153e+05 4.071834355389724806e+04 2.375711146270748770e+02 -6.407284072193000000e+13 1.325067516971300647e+05
2.567537446888265151e+01 1.045410981752019507e+04 -1.230764881471757508e+04 -8.385855983534878533e+02 2.375711146270748770e+02 1.390011705037276002e+00 -3.748887486034241333e+11 7.729365761456195969e+02
-6.924392764290740234e+12 -2.819925587121630500e+15 3.319627811452366500e+15 2.262748837931907500e+14 -6.407284072193000000e+13 -3.748887486034241333e+11 1.011107309271642517e+23 -2.084473293771195625e+14
1.434960845385582616e+04 5.791041291416352615e+06 -6.838385897186775692e+06 -4.602152023824469070e+05 1.325067516971300647e+05 7.729365761456195969e+02 -2.084473293771195625e+14 4.319296345871995436e+05
