5.092730105984633155e+03 1.874349600304249861e+03 -7.676395922484354742e+03 -4.174660686777937372e+03 -5.038047565180520905e+03 7.918502549557348003e-01 8.039569700343400882e+01 -2.261890064591540067e+03 2.083491743888285782e+03
1.874349600304249861e+03 7.007038193465548375e+02 -3.127735433231964180e+03 -1.629401182547420376e+03 -1.958438234041203714e+03 3.014445027633566032e-01 3.131419736091737960e+01 -8.367455782288415094e+02 7.986074507312315518e+02
-7.676395922484354742e+03 -3.127735433231964180e+03 2.303445123484869691e+04 8.703772823051025625e+03 1.180421919845273078e+04 -1.581792702937379946e+00 -1.920805921914988232e+02 3.646006966672603539e+03 -4.036501335964353075e+03
-4.174660686777937372e+03 -1.629401182547420376e+03 8.703772823051025625e+03 4.355570155724114557e+03 4.910982703939079329e+03 -7.296918639453792155e-01 -7.843326708326921448e+01 1.867176681438187870e+03 -2.021134334769717043e+03
-5.038047565180520905e+03 -1.958438234041203714e+03 1.180421919845273078e+04 4.910982703939079329e+03 6.557414592778662154e+03 -9.261599922557186559e-01 -1.062104887713865793e+02 2.334315230329209044e+03 -2.355775702648562856e+03
7.918502549557348003e-01 3.014445027633566032e-01 -1.581792702937379946e+00 -7.296918639453792155e-01 -9.261599922557186559e-01 1.363804499918799319e-04 1.490076158586607982e-02 -3.595493919175842823e-01 3.539975673662132949e-01
8.039569700343400882e+01 3.131419736091737960e+01 -1.920805921914988232e+02 -7.843326708326921448e+01 -1.062104887713865793e+02 1.490076158586607982e-02 1.725877098142857946e+00 -3.744544872348556908e+01 3.714603811310858816e+01
-2.261890064591540067e+03 -8.367455782288415094e+02 3.646006966672603539e+03 1.867176681438187870e+03 2.334315230329209044e+03 -3.595493919175842823e-01 -3.744544872348556908e+01 1.014050548737754298e+03 -9.262481340855565577e+02
2.083491743888285782e+03 7.986074507312315518e+02 -4.036501335964353075e+03 -2.021134334769717043e+03 -2.355775702648562856e+03 3.539975673662132949e-01 3.714603811310858816e+01 -9.262481340855565577e+02 1.059153321309956482e+03
