6.268970345043035053e+01 1.866503629125696051e+01 -1.344917996500027471e+02 -4.907469291209593365e+01 2.343427479899899524e+00 -7.419550355528608065e+01 -3.001724265085026033e+01
1.866503629125696051e+01 5.676003258195001955e+00 -4.039199002569338859e+01 -1.587912556803282449e+01 6.963869897067399561e-01 -2.193295547948342517e+01 -8.915117695558606670e+00
-1.344917996500027471e+02 -4.039199002569338859e+01 2.895710104066320127e+02 1.091656430589112148e+02 -5.022652831430402642e+00 1.586917219980994105e+02 6.433274987452229254e+01
-4.907469291209593365e+01 -1.587912556803282449e+01 1.091656430589112148e+02 5.448116929304182321e+01 -1.802097702049825445e+00 5.603488165134304211e+01 2.326808273111059222e+01
2.343427479899899524e+00 6.963869897067399561e-01 -5.022652831430402642e+00 -1.802097702049825445e+00 8.776982989763931764e-02 -2.778062851001971811e+00 -1.122234723403308987e+00
-7.419550355528608065e+01 -2.193295547948342517e+01 1.586917219980994105e+02 5.603488165134304211e+01 -2.778062851001971811e+00 8.807688401763316222e+01 3.555496717507453042e+01
-3.001724265085026033e+01 -8.915117695558606670e+00 6.433274987452229254e+01 2.326808273111059222e+01 -1.122234723403308987e+00 3.555496717507453042e+01 1.437738057780026502e+01
