5.159446471140746553e+02 2.323277978944483330e+05 -2.756778426882837084e+05 -1.799705737374026648e+04 5.377597879525714234e+03 -8.420145231780478516e+12 1.571102190902710936e+04
2.323277978944483330e+05 1.340859980128991008e+08 -1.570788143382996321e+08 -9.763549651162851602e+06 3.158446648107948247e+06 -4.866946860713005000e+15 7.263708236825942993e+06
-2.756778426882837084e+05 -1.570788143382996321e+08 1.852072239482727945e+08 1.137088926237361319e+07 -3.723410446834546980e+06 5.742924861088564000e+15 -8.621642913053013384e+06
-1.799705737374026648e+04 -9.763549651162851602e+06 1.137088926237361319e+07 7.976389324789602542e+05 -2.178290545559288876e+05 3.397043354791534375e+14 -5.549699746843795292e+05
5.377597879525714234e+03 3.158446648107948247e+06 -3.723410446834546980e+06 -2.178290545559288876e+05 7.637851274289007415e+04 -1.171417074662774531e+14 1.691300613247157016e+05
-8.420145231780478516e+12 -4.866946860713005000e+15 5.742924861088564000e+15 3.397043354791534375e+14 -1.171417074662774531e+14 1.803106872793591972e+23 -2.643129773691277188e+14
1.571102190902710936e+04 7.263708236825942993e+06 -8.621642913053013384e+06 -5.549699746843795292e+05 1.691300613247157016e+05 -2.643129773691277188e+14 4.799829038835018873e+05
