4.767935226487387013e+02 1.928384830001689552e+05 -2.271852795145811979e+05 -1.531245702061154589e+04 5.241776051017517602e+03 -6.919206842621484375e+12 1.435054011656871626e+04
1.928384830001689552e+05 7.931613771455979347e+07 -9.291585078442600369e+07 -6.411322632166760974e+06 2.130172011574272532e+06 -2.824345959864900500e+15 5.804900860936806537e+06
-2.271852795145811979e+05 -9.291585078442600369e+07 1.090641253628205359e+08 7.464386564269681461e+06 -2.505389326658197679e+06 3.317139541211804500e+15 -6.838976685762253590e+06
-1.531245702061154589e+04 -6.411322632166760974e+06 7.464386564269681461e+06 5.287756916182239074e+05 -1.700065288920163293e+05 2.263557298759485000e+14 -4.607808246021994273e+05
5.241776051017517602e+03 2.130172011574272532e+06 -2.505389326658197679e+06 -1.700065288920163293e+05 5.772283875874085788e+04 -7.627878408527157812e+13 1.577764824653849355e+05
-6.919206842621484375e+12 -2.824345959864900500e+15 3.317139541211804500e+15 2.263557298759485000e+14 -7.627878408527157812e+13 1.009561055180221904e+23 -2.083038531782010625e+14
1.435054011656871626e+04 5.804900860936806537e+06 -6.838976685762253590e+06 -4.607808246021994273e+05 1.577764824653849355e+05 -2.083038531782010625e+14 4.319801497974582016e+05
