2.843847869586798538e+01 3.930336578397214907e+04 -4.615411587203895760e+04 -2.243841322926617067e+03 1.010765101768398040e+03 4.743585830437719864e+00 -1.492013083972411621e+12 1.056639428496915798e+03
3.930336578397214907e+04 5.504845885259760171e+07 -6.413183297548981011e+07 -3.308586838495499920e+06 1.385742842787016416e+06 6.526608703633822188e+03 -2.043996596534170750e+15 1.453319090870538261e+06
-4.615411587203895760e+04 -6.413183297548981011e+07 7.507193005399893224e+07 3.743586172868301161e+06 -1.634832072936442215e+06 -7.688300829061714467e+03 2.412751766055283500e+15 -1.711544382815024117e+06
-2.243841322926617067e+03 -3.308586838495499920e+06 3.743586172868301161e+06 2.483830047383890487e+05 -7.555571541097603040e+04 -3.716959131427398688e+02 1.115525728634146719e+14 -8.124183603879988368e+04
1.010765101768398040e+03 1.385742842787016416e+06 -1.634832072936442215e+06 -7.555571541097603040e+04 3.618830997118991218e+04 1.684505317902213051e+02 -5.339022063952156250e+13 3.767035020300876931e+04
4.743585830437719864e+00 6.526608703633822188e+03 -7.688300829061714467e+03 -3.716959131427398688e+02 1.684505317902213051e+02 8.000357652295717603e-01 -2.493187103536877747e+11 1.765850842146670630e+02
-1.492013083972411621e+12 -2.043996596534170750e+15 2.412751766055283500e+15 1.115525728634146719e+14 -5.339022063952156250e+13 -2.493187103536877747e+11 7.882493938293811446e+22 -5.562529794229731250e+13
1.056639428496915798e+03 1.453319090870538261e+06 -1.711544382815024117e+06 -8.124183603879988368e+04 3.767035020300876931e+04 1.765850842146670630e+02 -5.562529794229731250e+13 3.933215161874895421e+04
