6.419787432585371789e+02 2.730125802212300478e+05 -3.343900568163032876e+05 -2.152413066654444629e+04 6.035119352256533602e+03 4.523165550019031400e+01 -1.032705703159156250e+13 1.713130547486801152e+04
2.730125802212300478e+05 1.184813830199843347e+08 -1.442892369562498331e+08 -9.480839359141867608e+06 2.576324429163617082e+06 1.933818071235452953e+04 -4.426942981953456000e+15 7.267590072945171036e+06
-3.343900568163032876e+05 -1.442892369562498331e+08 1.783432361608309448e+08 1.157167735048419423e+07 -3.176402408671162091e+06 -2.391546846559286860e+04 5.452766911495090000e+15 -8.915777247350368649e+06
-2.152413066654444629e+04 -9.480839359141867608e+06 1.157167735048419423e+07 8.009491055700992001e+05 -2.018214389663206239e+05 -1.521684338383375234e+03 3.474586752544994375e+14 -5.685999756522857351e+05
6.035119352256533602e+03 2.576324429163617082e+06 -3.176402408671162091e+06 -2.018214389663206239e+05 5.731107589170387655e+04 4.303690098225743554e+02 -9.813475174839817188e+13 1.613558448189634946e+05
4.523165550019031400e+01 1.933818071235452953e+04 -2.391546846559286860e+04 -1.521684338383375234e+03 4.303690098225743554e+02 3.303998289074458583e+00 -7.373715699372739258e+11 1.209258701281907861e+03
-1.032705703159156250e+13 -4.426942981953456000e+15 5.452766911495090000e+15 3.474586752544994375e+14 -9.813475174839817188e+13 -7.373715699372739258e+11 1.683130110753893798e+23 -2.759781377866628750e+14
1.713130547486801152e+04 7.267590072945171036e+06 -8.915777247350368649e+06 -5.685999756522857351e+05 1.613558448189634946e+05 1.209258701281907861e+03 -2.759781377866628750e+14 4.578303795422969852e+05
