2.632487648051468341e+02 7.773435510911175516e+04 -8.515349619101695134e+04 -9.246858619441954943e+02 2.406742144668141918e+03 1.294766002481663847e+01 -3.456189816917285156e+12 8.243870077342935474e+03
7.773435510911175516e+04 2.485501494032395259e+07 -2.748637878269643337e+07 -7.802495104178594192e+05 7.099943982612933032e+05 3.801529409956452582e+03 -1.028253539498905750e+15 2.411338842186153866e+06
-8.515349619101695134e+04 -2.748637878269643337e+07 3.055686814514439553e+07 9.512395485142980469e+05 -7.768957548241135664e+05 -4.150020533519971650e+03 1.125775924663704500e+15 -2.635164890432960354e+06
-9.246858619441954943e+02 -7.802495104178594192e+05 9.512395485142980469e+05 1.490574288502609998e+05 -7.872034888109958047e+03 -3.413392858858214396e+01 1.267104055048829102e+13 -2.184813612504165212e+04
2.406742144668141918e+03 7.099943982612933032e+05 -7.768957548241135664e+05 -7.872034888109958047e+03 2.202396370232255140e+04 1.185417675977093950e+02 -3.167039447421076953e+13 7.542337062203855021e+04
1.294766002481663847e+01 3.801529409956452582e+03 -4.150020533519971650e+03 -3.413392858858214396e+01 1.185417675977093950e+02 6.611958102003868687e-01 -1.710226879483486023e+11 4.054813536898031430e+02
-3.456189816917285156e+12 -1.028253539498905750e+15 1.125775924663704500e+15 1.267104055048829102e+13 -3.167039447421076953e+13 -1.710226879483486023e+11 4.575529409886592749e+22 -1.082887213180931562e+14
8.243870077342935474e+03 2.411338842186153866e+06 -2.635164890432960354e+06 -2.184813612504165212e+04 7.542337062203855021e+04 4.054813536898031430e+02 -1.082887213180931562e+14 2.586765556890148437e+05
