8.824298950426928059e+02 3.664911748382595251e+05 -4.275760307672661147e+05 -3.003213118872906853e+04 9.778358316076932169e+03 -1.298652452156083594e+13 2.653821844992063780e+04
3.664911748382595251e+05 1.538402888014276326e+08 -1.788148363667736053e+08 -1.274693895874742046e+07 4.074877759424879216e+06 -5.427197875321062000e+15 1.102188291769014858e+07
-4.275760307672661147e+05 -1.788148363667736053e+08 2.081287888162350059e+08 1.475535668839440681e+07 -4.748307422897111624e+06 6.318357197008602000e+15 -1.285996618449095450e+07
-3.003213118872906853e+04 -1.274693895874742046e+07 1.475535668839440681e+07 1.070225358999030199e+06 -3.350909172335845651e+05 4.474076251962566875e+14 -9.027198424388463609e+05
9.778358316076932169e+03 4.074877759424879216e+06 -4.748307422897111624e+06 -3.350909172335845651e+05 1.084872365250094736e+05 -1.441926842062840312e+14 2.940751503566983156e+05
-1.298652452156083594e+13 -5.427197875321062000e+15 6.318357197008602000e+15 4.474076251962566875e+14 -1.441926842062840312e+14 1.918422633698928812e+23 -3.906078337503106875e+14
2.653821844992063780e+04 1.102188291769014858e+07 -1.285996618449095450e+07 -9.027198424388463609e+05 2.940751503566983156e+05 -3.906078337503106875e+14 7.982211043572443305e+05
