2.052966810617605006e+03 -1.815898174786678981e+06 8.069217032323363237e+05 -2.021038315730386603e+04 1.205903204937652299e+04 4.398983899674766144e+04 -1.066557943916513672e+13 6.399216498304370180e+04
-1.815898174786678981e+06 2.555771334333906174e+09 -6.761362176759161949e+08 3.561370707048179209e+07 -1.056013366054134071e+07 -5.232716141829918325e+07 1.242805050291402200e+16 -5.635159395799837261e+07
8.069217032323363237e+05 -6.761362176759161949e+08 3.341177337307794690e+08 -8.656636427377674729e+06 4.736942851544632576e+06 2.555239344066795707e+07 -6.044310252697442000e+15 2.520508385077264160e+07
-2.021038315730386603e+04 3.561370707048179209e+07 -8.656636427377674729e+06 2.558437650014215615e+06 -1.129388193752770603e+05 -5.285640678850033320e+06 1.255951504025008500e+15 -5.937038801529752091e+05
1.205903204937652299e+04 -1.056013366054134071e+07 4.736942851544632576e+06 -1.129388193752770603e+05 7.097599911929533118e+04 2.497274162063255790e+05 -6.091704641561948438e+13 3.760984650115004042e+05
4.398983899674766144e+04 -5.232716141829918325e+07 2.555239344066795707e+07 -5.285640678850033320e+06 2.497274162063255790e+05 1.595000372813208960e+07 -3.794808132983803500e+15 1.289750755890234606e+06
-1.066557943916513672e+13 1.242805050291402200e+16 -6.044310252697442000e+15 1.255951504025008500e+15 -6.091704641561948438e+13 -3.794808132983803500e+15 9.063503008912631996e+23 -3.115990136447463750e+14
6.399216498304370180e+04 -5.635159395799837261e+07 2.520508385077264160e+07 -5.937038801529752091e+05 3.760984650115004042e+05 1.289750755890234606e+06 -3.115990136447463750e+14 1.997275364698851248e+06
