2.422233901310108239e-01 1.721447576112526292e+02 -3.185972376885920880e+02 2.191071286452466893e+01 1.174346351054199999e+01 -1.636784631393543816e+10 1.058873189747469468e+01
1.721447576112526292e+02 1.749262990201071370e+05 -2.505640240809702373e+05 6.428209362743016754e+03 8.045769695628239788e+03 -1.091606843260331836e+13 7.074913437927532868e+03
-3.185972376885920880e+02 -2.505640240809702373e+05 4.304478227885443484e+05 -2.450819710337463766e+04 -1.531933397028805302e+04 2.120472031627139453e+13 -1.371440666682049232e+04
2.191071286452466893e+01 6.428209362743016754e+03 -2.450819710337463766e+04 3.620944665235002049e+03 1.110979933924921170e+03 -1.604385710971332764e+12 1.039001724424529129e+03
1.174346351054199999e+01 8.045769695628239788e+03 -1.531933397028805302e+04 1.110979933924921170e+03 5.715674790990577776e+02 -7.979112514388361816e+11 5.157511470450036768e+02
-1.636784631393543816e+10 -1.091606843260331836e+13 2.120472031627139453e+13 -1.604385710971332764e+12 -7.979112514388361816e+11 1.116036831614421959e+21 -7.216529517565593262e+11
1.058873189747469468e+01 7.074913437927532868e+03 -1.371440666682049232e+04 1.039001724424529129e+03 5.157511470450036768e+02 -7.216529517565593262e+11 4.669552004833311685e+02
