9.397670881005992793e-01 9.091018219743864393e+02 -1.217815837348711966e+03 -4.926560655627272922e+01 2.325798038481306662e+01 -3.950365925837367249e+10 3.003279105838559815e+01
9.091018219743864393e+02 8.919435098642567173e+05 -1.183967638331404887e+06 -5.035821980445775262e+04 2.237508965459687533e+04 -3.803638089364379688e+13 2.887985368074470171e+04
-1.217815837348711966e+03 -1.183967638331404887e+06 1.581564883979738690e+06 6.492535232359134534e+04 -3.013643434962974789e+04 5.116608010323610156e+13 -3.887944880088325590e+04
-4.926560655627272922e+01 -5.035821980445775262e+04 6.492535232359134534e+04 3.412743660467787777e+03 -1.160639671782772893e+03 1.992802030987752441e+12 -1.506293817685129397e+03
2.325798038481306662e+01 2.237508965459687533e+04 -3.013643434962974789e+04 -1.160639671782772893e+03 5.829720709338739653e+02 -9.862974291549462891e+11 7.501656350645848761e+02
-3.950365925837367249e+10 -3.803638089364379688e+13 5.116608010323610156e+13 1.992802030987752441e+12 -9.862974291549462891e+11 1.671145359433331114e+21 -1.270962878692970947e+12
3.003279105838559815e+01 2.887985368074470171e+04 -3.887944880088325590e+04 -1.506293817685129397e+03 7.501656350645848761e+02 -1.270962878692970947e+12 9.668142907781984832e+02
