7.661557057165233573e+02 3.558997564565915382e+05 -6.402766145931370556e+05 -3.619925549511225108e+04 8.907135998554036632e+03 7.325978562600917599e+01 -1.675895751134365625e+13 1.837261891007513623e+04
3.558997564565915382e+05 1.688240182223319113e+08 -2.988707886544582248e+08 -1.726018950575295463e+07 4.135130632531636395e+06 3.395686372201512859e+04 -7.804719591364999000e+15 8.515722971462432295e+06
-6.402766145931370556e+05 -2.988707886544582248e+08 5.368797933384255171e+08 3.049556876706848666e+07 -7.454732972120854072e+06 -6.128361861032443994e+04 1.403272763792159200e+16 -1.535087547327507846e+07
-3.619925549511225108e+04 -1.726018950575295463e+07 3.049556876706848666e+07 1.823216771614079364e+06 -4.169203440150918905e+05 -3.431702792609544304e+03 7.872634010100148750e+14 -8.597871202828326495e+05
8.907135998554036632e+03 4.135130632531636395e+06 -7.454732972120854072e+06 -4.169203440150918905e+05 1.041012146323437628e+05 8.556297577541798773e+02 -1.957132895982853125e+14 2.141792195634223754e+05
7.325978562600917599e+01 3.395686372201512859e+04 -6.128361861032443994e+04 -3.431702792609544304e+03 8.556297577541798773e+02 7.120420770305222469e+00 -1.608187229516517334e+12 1.762168113131785049e+03
-1.675895751134365625e+13 -7.804719591364999000e+15 1.403272763792159200e+16 7.872634010100148750e+14 -1.957132895982853125e+14 -1.608187229516517334e+12 3.683718352582554545e+23 -4.026524892971262500e+14
1.837261891007513623e+04 8.515722971462432295e+06 -1.535087547327507846e+07 -8.597871202828326495e+05 2.141792195634223754e+05 1.762168113131785049e+03 -4.026524892971262500e+14 4.419248518439072650e+05
