4.778095701208816308e+02 1.934358032318426995e+05 -2.279438349529238185e+05 -1.535201444316820744e+04 5.259162749145819362e+03 -6.942942815166169922e+12 1.438308271042423257e+04
1.934358032318426995e+05 7.980104821539299190e+07 -9.355067474228034914e+07 -6.434187991992198862e+06 2.145605621520591434e+06 -2.845483841655586500e+15 5.825666814408749342e+06
-2.279438349529238185e+05 -9.355067474228034914e+07 1.100022179567739367e+08 7.483294333646568470e+06 -2.529134459711153992e+06 3.350251158047863500e+15 -6.867278170754591934e+06
-1.535201444316820744e+04 -6.434187991992198862e+06 7.483294333646568470e+06 5.350316414770707488e+05 -1.697656367375836708e+05 2.259016336767558438e+14 -4.617052891903693089e+05
5.259162749145819362e+03 2.145605621520591434e+06 -2.529134459711153992e+06 -1.697656367375836708e+05 5.842954705808710423e+04 -7.727129237016687500e+13 1.584789215339106449e+05
-6.942942815166169922e+12 -2.845483841655586500e+15 3.350251158047863500e+15 2.259016336767558438e+14 -7.727129237016687500e+13 1.023609728590040447e+23 -2.092774682568259688e+14
1.438308271042423257e+04 5.825666814408749342e+06 -6.867278170754591934e+06 -4.617052891903693089e+05 1.584789215339106449e+05 -2.092774682568259688e+14 4.330789896286298172e+05
