2.499931828511464857e+02 -2.920498376018838026e+05 1.026976163436421484e+05 -1.211674607943150659e+04 1.446332338761846131e+03 -6.536745200996843750e+12 7.641421777080373431e+03
-2.920498376018838026e+05 4.361010264559379220e+08 -1.122230949288570881e+08 1.666815976030100137e+07 -1.673122152507961495e+06 7.869685359680453000e+15 -8.884016351360619068e+06
1.026976163436421484e+05 -1.122230949288570881e+08 4.649997096130011976e+07 -4.905072265082646161e+06 5.953664271410958609e+05 -3.297220987344708500e+15 3.141861705970385112e+06
-1.211674607943150659e+04 1.666815976030100137e+07 -4.905072265082646161e+06 1.395512982114075916e+06 -6.798813268547055486e+04 6.713404612884728750e+14 -3.592603288208630984e+05
1.446332338761846131e+03 -1.673122152507961495e+06 5.953664271410958609e+05 -6.798813268547055486e+04 8.402619132157729837e+03 -3.693113683733685156e+13 4.424703955493575631e+04
-6.536745200996843750e+12 7.869685359680453000e+15 -3.297220987344708500e+15 6.713404612884728750e+14 -3.693113683733685156e+13 4.486684172414235967e+23 -1.938383464970816875e+14
7.641421777080373431e+03 -8.884016351360619068e+06 3.141861705970385112e+06 -3.592603288208630984e+05 4.424703955493575631e+04 -1.938383464970816875e+14 2.339251270814978052e+05
