4.892417089165547850e+01 -7.012817506690835216e+03 -1.242536040441606929e+04 -1.804677052839906537e+01 -7.892750359591198730e+10 -2.949046057240349850e-01 -2.899556167964738052e+01 8.060805325080099237e+01 3.553739610177451596e+02
-7.012817506690835216e+03 -5.273125280643580109e+07 4.546341236098357290e+07 3.310674002992041875e+06 1.511773082345004000e+15 -7.263763076159862976e+03 -8.642786236647340702e+05 -1.583480385042994749e+06 -6.646032515560046886e+04
-1.242536040441606929e+04 4.546341236098357290e+07 -3.127194445077935606e+07 -2.670428966230931692e+06 -1.177980885251040500e+15 5.963236285894841785e+03 7.011999456760205794e+05 1.253886074757745024e+06 -7.892041599566840159e+04
-1.804677052839906537e+01 3.310674002992041875e+06 -2.670428966230931692e+06 -1.862407226899710950e+05 -9.513994875381762500e+13 4.588190470398748175e+02 5.463345615367843129e+04 9.776877274342029705e+04 1.047390052087152981e+03
-7.892750359591198730e+10 1.511773082345004000e+15 -1.177980885251040500e+15 -9.513994875381762500e+13 -4.076115518446610311e+22 2.014815893156214294e+11 2.378710729413732812e+13 4.348530243638067188e+13 -1.364199130990849609e+11
-2.949046057240349850e-01 -7.263763076159862976e+03 5.963236285894841785e+03 4.588190470398748175e+02 2.014815893156214294e+11 -9.826680048385050270e-01 -1.163884139067985473e+02 -2.133167138686993667e+02 -4.556673749957663944e+00
-2.899556167964738052e+01 -8.642786236647340702e+05 7.011999456760205794e+05 5.463345615367843129e+04 2.378710729413732812e+13 -1.163884139067985473e+02 -1.384631535591644206e+04 -2.555257458937162301e+04 -3.863244814088452586e+02
8.060805325080099237e+01 -1.583480385042994749e+06 1.253886074757745024e+06 9.776877274342029705e+04 4.348530243638067188e+13 -2.133167138686993667e+02 -2.555257458937162301e+04 -4.624208937328201137e+04 3.423226895915963723e+02
3.553739610177451596e+02 -6.646032515560046886e+04 -7.892041599566840159e+04 1.047390052087152981e+03 -1.364199130990849609e+11 -4.556673749957663944e+00 -3.863244814088452586e+02 3.423226895915963723e+02 2.655605290972735020e+03
