4.165646171366208364e+03 1.444655245613557327e+03 -6.385843469592280599e+03 -3.584848277047258762e+03 -4.155675720407445624e+03 6.498606184203196134e-01 6.602460296032649012e+01 -1.824968802647097618e+03 1.791609573975277954e+03
1.444655245613557327e+03 5.118226025823660166e+02 -2.462301808202322718e+03 -1.331812193399511216e+03 -1.523599356315132354e+03 2.335611345246558779e-01 2.422638880662883309e+01 -6.353686905740529483e+02 6.545463153583987150e+02
-6.385843469592280599e+03 -2.462301808202322718e+03 1.852632394150167966e+04 7.515447898453087873e+03 9.537472769199037430e+03 -1.288672970973565812e+00 -1.542574704770746052e+02 2.967816932620668013e+03 -3.491236562769726333e+03
-3.584848277047258762e+03 -1.331812193399511216e+03 7.515447898453087873e+03 3.904329708993311215e+03 4.226317851529716791e+03 -6.267021204292378966e-01 -6.744780990571896950e+01 1.583317319893794547e+03 -1.781844399807516311e+03
-4.155675720407445624e+03 -1.523599356315132354e+03 9.537472769199037430e+03 4.226317851529716791e+03 5.314518225161054033e+03 -7.543662000672597401e-01 -8.556332112256531275e+01 1.889485525358133373e+03 -2.033134137832934357e+03
6.498606184203196134e-01 2.335611345246558779e-01 -1.288672970973565812e+00 -6.267021204292378966e-01 -7.543662000672597401e-01 1.112597133369515193e-04 1.207533914775562982e-02 -2.902653361705688217e-01 3.041857754587130036e-01
6.602460296032649012e+01 2.422638880662883309e+01 -1.542574704770746052e+02 -6.744780990571896950e+01 -8.556332112256531275e+01 1.207533914775562982e-02 1.382916550212436979e+00 -3.014884364774918168e+01 3.178477409998926717e+01
-1.824968802647097618e+03 -6.353686905740529483e+02 2.967816932620668013e+03 1.583317319893794547e+03 1.889485525358133373e+03 -2.902653361705688217e-01 -3.014884364774918168e+01 8.059548980570125423e+02 -7.871743221398658079e+02
1.791609573975277954e+03 6.545463153583987150e+02 -3.491236562769726333e+03 -1.781844399807516311e+03 -2.033134137832934357e+03 3.041857754587130036e-01 3.178477409998926717e+01 -7.871743221398658079e+02 9.729029292723117806e+02
