7.787459283709067677e+02 3.610260946269000415e+05 -6.504203616635710932e+05 -3.666567886100983742e+04 9.058675922631691719e+03 7.431350367729446305e+01 -1.702471036402019141e+13 1.870589412348745827e+04
3.610260946269000415e+05 1.711622485986382067e+08 -3.034507036625654697e+08 -1.746800256556111574e+07 4.204515169383571483e+06 3.441976744741456787e+04 -7.924864408816352000e+15 8.655037699874039739e+06
-6.504203616635710932e+05 -3.034507036625654697e+08 5.445193387550600767e+08 3.087233973819578066e+07 -7.575665767253410071e+06 -6.215127770000847522e+04 1.424412833195547400e+16 -1.562210114217230119e+07
-3.666567886100983742e+04 -1.746800256556111574e+07 3.087233973819578066e+07 1.843334092714218888e+06 -4.225017974253286375e+05 -3.470223083385280916e+03 7.969722972586575000e+14 -8.721617873174723936e+05
9.058675922631691719e+03 4.204515169383571483e+06 -7.575665767253410071e+06 -4.225017974253286375e+05 1.060177649016364594e+05 8.691389981446577622e+02 -1.990558625263090938e+14 2.182647252171540167e+05
7.431350367729446305e+01 3.441976744741456787e+04 -6.215127770000847522e+04 -3.470223083385280916e+03 8.691389981446577622e+02 7.212212958470149538e+00 -1.631571090887592041e+12 1.790724684108975453e+03
-1.702471036402019141e+13 -7.924864408816352000e+15 1.424412833195547400e+16 7.969722972586575000e+14 -1.990558625263090938e+14 -1.631571090887592041e+12 3.741925222930998844e+23 -4.098263442368216875e+14
1.870589412348745827e+04 8.655037699874039739e+06 -1.562210114217230119e+07 -8.721617873174723936e+05 2.182647252171540167e+05 1.790724684108975453e+03 -4.098263442368216875e+14 4.507717622499029385e+05
