2.843835175029696316e+01 3.930318730986335868e+04 -4.615390836984414636e+04 -2.243830260520116099e+03 5.689084360288465092e+00 3.213382517281987205e+00 -1.492006515135401855e+12 -3.267942500198919475e+01
3.930318730986335868e+04 5.504820642851907760e+07 -6.413154051798509061e+07 -3.308570773492546752e+06 7.799643268791736773e+03 4.421230923972514574e+03 -2.043987406436743500e+15 -4.494780979943837156e+04
-4.615390836984414636e+04 -6.413154051798509061e+07 7.507159051381357014e+07 3.743567829343638383e+06 -9.201640636075788279e+03 -5.208180356066465720e+03 2.412741051344928500e+15 5.293412564742643008e+04
-2.243830260520116099e+03 -3.308570773492546752e+06 3.743567829343638383e+06 2.483818267301949672e+05 -4.252645861817308059e+02 -2.517927497975531708e+02 1.115520190399238906e+14 2.512621646251458515e+03
5.689084360288465092e+00 7.799643268791736773e+03 -9.201640636075788279e+03 -4.252645861817308059e+02 1.146448399855723110e+00 6.422766383829100478e-01 -3.005065067306642456e+11 -6.557545718533347667e+00
3.213382517281987205e+00 4.421230923972514574e+03 -5.208180356066465720e+03 -2.517927497975531708e+02 6.422766383829100478e-01 3.671323660313211557e-01 -1.688925780892250061e+11 -3.699637861987871812e+00
-1.492006515135401855e+12 -2.043987406436743500e+15 2.412741051344928500e+15 1.115520190399238906e+14 -3.005065067306642456e+11 -1.688925780892250061e+11 7.882459781930929462e+22 1.720362523119068848e+12
-3.267942500198919475e+01 -4.494780979943837156e+04 5.293412564742643008e+04 2.512621646251458515e+03 -6.557545718533347667e+00 -3.699637861987871812e+00 1.720362523119068848e+12 3.762225589777315093e+01
