4.575328362918472521e+03 3.642060323319816962e+06 -4.728116139719108120e+06 -2.644941452343107085e+05 -1.296141599909780938e+14 5.636866673724315433e+02 6.804026395672719809e+04 1.517888210331862792e+05 3.297944491053163074e+04
3.642060323319816962e+06 3.218125148307085037e+09 -4.010062712116341591e+09 -2.291414385115013421e+08 -1.119638482635885120e+17 4.908686970766477170e+05 5.950075287738540769e+07 1.287397239233174920e+08 2.621462277014447749e+07
-4.728116139719108120e+06 -4.010062712116341591e+09 5.075926830395643234e+09 2.870360092928251028e+08 1.409592100797870240e+17 -6.162464542633303208e+05 -7.472886303080685437e+07 -1.632083460109011829e+08 -3.370260585466530174e+07
-2.644941452343107085e+05 -2.291414385115013421e+08 2.870360092928251028e+08 1.689601691620131582e+07 7.960399579406570000e+15 -3.498085878228867659e+04 -4.204383273499669507e+06 -9.165801121817924082e+06 -1.946428844413027633e+06
-1.296141599909780938e+14 -1.119638482635885120e+17 1.409592100797870240e+17 7.960399579406570000e+15 3.938736404694305052e+24 -1.722488941316938086e+13 -2.096835444765553000e+15 -4.548771455825393000e+15 -9.165955731320248750e+14
5.636866673724315433e+02 4.908686970766477170e+05 -6.162464542633303208e+05 -3.498085878228867659e+04 -1.722488941316938086e+13 7.560051525259981986e+01 9.178710918428912919e+03 1.985737915732966940e+04 3.975018198166226284e+03
6.804026395672719809e+04 5.950075287738540769e+07 -7.472886303080685437e+07 -4.204383273499669507e+06 -2.096835444765553000e+15 9.178710918428912919e+03 1.129446575680518756e+06 2.430952457927327603e+06 4.745838297215894563e+05
1.517888210331862792e+05 1.287397239233174920e+08 -1.632083460109011829e+08 -9.165801121817924082e+06 -4.548771455825393000e+15 1.985737915732966940e+04 2.430952457927327603e+06 5.314271449337345548e+06 1.065771083076988114e+06
3.297944491053163074e+04 2.621462277014447749e+07 -3.370260585466530174e+07 -1.946428844413027633e+06 -9.165955731320248750e+14 3.975018198166226284e+03 4.745838297215894563e+05 1.065771083076988114e+06 2.562140024979595037e+05
