2.041296594804340202e+03 -1.804605828365207184e+06 8.022427021976149408e+05 -2.009862534395467446e+04 -1.062182770436674219e+13 4.377448716474461980e+04 1.198960522312602916e+04 6.362352387760368583e+04 1.072975041993019296e+00
-1.804605828365207184e+06 2.542021831073234558e+09 -6.717577268708755970e+08 3.541357332293952256e+07 1.234180978245982800e+16 -5.235458073914277554e+07 -1.049379091117396019e+07 -5.599784679087293148e+07 -1.035938500901747830e+03
8.022427021976149408e+05 -6.717577268708755970e+08 3.324155355937104225e+08 -8.622531530146712437e+06 -6.030852327038111000e+15 2.555206220338167623e+07 4.708814506225023419e+06 2.505779570086449757e+07 -4.761063904546977454e+01
-2.009862534395467446e+04 3.541357332293952256e+07 -8.622531530146712437e+06 2.555638053767344449e+06 1.250487740890171000e+15 -5.290407825810899027e+06 -1.121936194011466287e+05 -5.903789477424839279e+05 -3.158636895851850923e+01
-1.062182770436674219e+13 1.234180978245982800e+16 -6.030852327038111000e+15 1.250487740890171000e+15 9.053757485873415575e+23 -3.787358372035400500e+15 -6.061050463396202344e+13 -3.101740198713688750e+14 -3.237259410333773422e+10
4.377448716474461980e+04 -5.235458073914277554e+07 2.555206220338167623e+07 -5.290407825810899027e+06 -3.787358372035400500e+15 1.624370288194926083e+07 2.484886863128689583e+05 1.283403668918894604e+06 7.370911290832526674e+01
1.198960522312602916e+04 -1.049379091117396019e+07 4.708814506225023419e+06 -1.121936194011466287e+05 -6.061050463396202344e+13 2.484886863128689583e+05 7.056406144698453136e+04 3.739048095268594916e+05 7.607022946671223806e+00
6.362352387760368583e+04 -5.599784679087293148e+07 2.505779570086449757e+07 -5.903789477424839279e+05 -3.101740198713688750e+14 1.283403668918894604e+06 3.739048095268594916e+05 1.985629217441977002e+06 2.685910310300455706e+01
1.072975041993019296e+00 -1.035938500901747830e+03 -4.761063904546977454e+01 -3.158636895851850923e+01 -3.237259410333773422e+10 7.370911290832526674e+01 7.607022946671223806e+00 2.685910310300455706e+01 7.232790093558524869e-02
