1.503928140028664470e+07 4.406417893163638115e+09 -5.394719369711262703e+09 2.095471360620743930e+08 1.669507283466255367e+08 9.714607740527028218e+05 -2.688311910705910720e+17 5.082564967627842426e+08
4.406417893163638115e+09 1.309819606876717285e+12 -1.616493768256955566e+12 6.037540327778798676e+10 4.932227819236595917e+10 2.885996133364972472e+08 -7.988789087485511270e+19 1.492707898418583374e+11
-5.394719369711262703e+09 -1.616493768256955566e+12 2.106737538868307861e+12 -8.114978916397032166e+10 -6.224701502026205444e+10 -3.670677580374796987e+08 1.018240971433169879e+20 -1.840581354554478760e+11
2.095471360620743930e+08 6.037540327778798676e+10 -8.114978916397032166e+10 3.600154371603862762e+09 2.427290769476050854e+09 1.417206557152991742e+07 -3.937343065698721280e+18 7.145782434090203285e+09
1.669507283466255367e+08 4.932227819236595917e+10 -6.224701502026205444e+10 2.427290769476050854e+09 1.886579701959498644e+09 1.103973868240097724e+07 -3.058742232110353408e+18 5.666313584849071503e+09
9.714607740527028218e+05 2.885996133364972472e+08 -3.670677580374796987e+08 1.417206557152991742e+07 1.103973868240097724e+07 6.476997607923789474e+04 -1.795028435355971600e+16 3.301995312327227741e+07
-2.688311910705910720e+17 -7.988789087485511270e+19 1.018240971433169879e+20 -3.937343065698721280e+18 -3.058742232110353408e+18 -1.795028435355971600e+16 4.975349379742883154e+27 -9.140240967873524736e+18
5.082564967627842426e+08 1.492707898418583374e+11 -1.840581354554478760e+11 7.145782434090203285e+09 5.666313584849071503e+09 3.301995312327227741e+07 -9.140240967873524736e+18 1.719451925692736816e+10
