4.628811424020378809e+02 6.282734932872637756e+01 -3.974190506380805346e+02 -2.170146588071867484e+02 -2.410763463705565712e+00 -2.168095752949100756e+02 -2.107551880666455304e+02
6.282734932872637756e+01 8.689166827902701229e+00 -5.457034662834124106e+01 -3.053573597952588869e+01 -3.354469256268574062e-01 -2.971038779258522666e+01 -2.861025893102502593e+01
-3.974190506380805346e+02 -5.457034662834124106e+01 3.437867777371256466e+02 1.906422259543882944e+02 2.103985829159883192e+00 1.872911270199115847e+02 1.809778834801851701e+02
-2.170146588071867484e+02 -3.053573597952588869e+01 1.906422259543882944e+02 1.094418087279913721e+02 1.184434674257380138e+00 1.035476102756313992e+02 9.878247530827754019e+01
-2.410763463705565712e+00 -3.354469256268574062e-01 2.103985829159883192e+00 1.184434674257380138e+00 1.303522082963812050e-02 1.144498118182593283e+00 1.098568135052059969e+00
-2.168095752949100756e+02 -2.971038779258522666e+01 1.872911270199115847e+02 1.035476102756313992e+02 1.144498118182593283e+00 1.021012788648175587e+02 9.873806807333224356e+01
-2.107551880666455304e+02 -2.861025893102502593e+01 1.809778834801851701e+02 9.878247530827754019e+01 1.098568135052059969e+00 9.873806807333224356e+01 9.597330748489179086e+01
