7.937479038891706296e+02 3.304197490278588375e+05 -3.997826002866049530e+05 -2.513425763499016466e+04 8.738763439286216453e+03 -1.243510308846985547e+13 2.082004833252663957e+04
3.304197490278588375e+05 1.385812591202767491e+08 -1.672158255223943591e+08 -1.070856200309491903e+07 3.632322701180333272e+06 -5.175548008538354000e+15 8.644367220881909132e+06
-3.997826002866049530e+05 -1.672158255223943591e+08 2.020928102814647555e+08 1.287389870373951644e+07 -4.396693044984949753e+06 6.258995231001805000e+15 -1.046866364102069661e+07
-2.513425763499016466e+04 -1.070856200309491903e+07 1.287389870373951644e+07 8.681658592839534394e+05 -2.750269664021140197e+05 3.918101264619556250e+14 -6.525672645156953949e+05
8.738763439286216453e+03 3.632322701180333272e+06 -4.396693044984949753e+06 -2.750269664021140197e+05 9.625362420821265550e+04 -1.369576222033116250e+14 2.293853584795963252e+05
-1.243510308846985547e+13 -5.175548008538354000e+15 6.258995231001805000e+15 3.918101264619556250e+14 -1.369576222033116250e+14 1.950628835350269154e+23 -3.263362559655923750e+14
2.082004833252663957e+04 8.644367220881909132e+06 -1.046866364102069661e+07 -6.525672645156953949e+05 2.293853584795963252e+05 -3.263362559655923750e+14 5.468234746661162935e+05
