2.500228334106472516e+02 -2.920906619584677974e+05 1.027090633477752126e+05 -1.211868747646157317e+04 1.446505400197089557e+03 2.747622409195984437e+04 -6.537644730614567383e+12 7.642327365070451378e+03
-2.920906619584677974e+05 4.361648107915229797e+08 -1.122384528777148277e+08 1.667155332602173463e+07 -1.673357552860990399e+06 -3.310701031839412451e+07 7.871216198096756000e+15 -8.885245839383229613e+06
1.027090633477752126e+05 -1.122384528777148277e+08 4.650449621604061127e+07 -4.905787067916745320e+06 5.954333429193345364e+05 1.392831883508253843e+07 -3.297556056644169000e+15 3.142213196789919399e+06
-1.211868747646157317e+04 1.667155332602173463e+07 -4.905787067916745320e+06 1.395733767529319506e+06 -6.799911901551549090e+04 -2.828417781968961935e+06 6.714413915696870000e+14 -3.593172386414576322e+05
1.446505400197089557e+03 -1.673357552860990399e+06 5.954333429193345364e+05 -6.799911901551549090e+04 8.403630999757704558e+03 1.551274930098437471e+05 -3.693623146891336719e+13 4.425233472829361563e+04
2.747622409195984437e+04 -3.310701031839412451e+07 1.392831883508253843e+07 -2.828417781968961935e+06 1.551274930098437471e+05 7.996976758220597170e+06 -1.893689714438354500e+15 8.152507351409672992e+05
-6.537644730614567383e+12 7.871216198096756000e+15 -3.297556056644169000e+15 6.714413915696870000e+14 -3.693623146891336719e+13 -1.893689714438354500e+15 4.487152522306599487e+23 -1.938647414566635625e+14
7.642327365070451378e+03 -8.885245839383229613e+06 3.142213196789919399e+06 -3.593172386414576322e+05 4.425233472829361563e+04 8.152507351409672992e+05 -1.938647414566635625e+14 2.339528658320209652e+05
