2.395501254156360726e+00 2.438816898645934089e+03 -3.180115525926491955e+03 -1.475436014153825965e+02 5.920525340832055861e+01 4.576418283235734741e-01 -1.017733937350105896e+11 7.570389117147739455e+01
2.438816898645934089e+03 2.512234054422854912e+06 -3.250021385838862974e+06 -1.562389148916919366e+05 5.996458822776029410e+04 4.651033619511750885e+02 -1.031609902545443750e+14 7.663904457906373136e+04
-3.180115525926491955e+03 -3.250021385838862974e+06 4.228745788508121856e+06 1.980325107302449760e+05 -7.857099799279277795e+04 -6.067406672271094976e+02 1.350295667974262188e+14 -1.003995048689078831e+05
-1.475436014153825965e+02 -1.562389148916919366e+05 1.980325107302449760e+05 1.089519970162941172e+04 -3.507735828457113712e+03 -2.824236062906750178e+01 6.085260083181972656e+12 -4.501050170514123238e+03
5.920525340832055861e+01 5.996458822776029410e+04 -7.857099799279277795e+04 -3.507735828457113712e+03 1.479526449926488795e+03 1.128851499735815089e+01 -2.534244427121687500e+12 1.886777364006940161e+03
4.576418283235734741e-01 4.651033619511750885e+02 -6.067406672271094976e+02 -2.824236062906750178e+01 1.128851499735815089e+01 8.971758374487970311e-02 -1.941518495664892197e+10 1.444094975393784352e+01
-1.017733937350105896e+11 -1.031609902545443750e+14 1.350295667974262188e+14 6.085260083181972656e+12 -2.534244427121687500e+12 -1.941518495664892197e+10 4.347599299211544232e+21 -3.236059604373317383e+12
7.570389117147739455e+01 7.663904457906373136e+04 -1.003995048689078831e+05 -4.501050170514123238e+03 1.886777364006940161e+03 1.444094975393784352e+01 -3.236059604373317383e+12 2.409322567857522245e+03
