8.188239688952114648e+02 3.422240540457420284e+05 -4.239395075349861290e+05 -2.607570511242728753e+04 9.056067639783646882e+03 -1.289647009593500977e+13 2.149140939465023985e+04
3.422240540457420284e+05 1.447384177716101110e+08 -1.792999767370061874e+08 -1.119851089028888568e+07 3.798882184855900705e+06 -5.421824497342274000e+15 8.963471414206057787e+06
-4.239395075349861290e+05 -1.792999767370061874e+08 2.230253540361311436e+08 1.383303606000884436e+07 -4.722533189192056656e+06 6.739762210127393000e+15 -1.111576206905749813e+07
-2.607570511242728753e+04 -1.119851089028888568e+07 1.383303606000884436e+07 9.092570947453851113e+05 -2.880320980946117779e+05 4.111211827533846250e+14 -6.777740138404441532e+05
9.056067639783646882e+03 3.798882184855900705e+06 -4.722533189192056656e+06 -2.880320980946117779e+05 1.008272241288855439e+05 -1.437153631091931562e+14 2.380129159895083867e+05
-1.289647009593500977e+13 -5.421824497342274000e+15 6.739762210127393000e+15 4.111211827533846250e+14 -1.437153631091931562e+14 2.051045801307070540e+23 -3.388815907598342500e+14
2.149140939465023985e+04 8.963471414206057787e+06 -1.111576206905749813e+07 -6.777740138404441532e+05 2.380129159895083867e+05 -3.388815907598342500e+14 5.648641361411625985e+05
