6.208716846801055453e+02 2.686822336983421119e+05 -3.178128018477656879e+05 -2.020538672162665898e+04 5.814268783670271660e+03 4.272477060893596956e+01 -9.914130989519128906e+12 1.662824182767610182e+04
2.686822336983421119e+05 1.172395999276931435e+08 -1.383425115509924889e+08 -8.988702009578857571e+06 2.508645309500277508e+06 1.851283203250918814e+04 -4.286360375353210000e+15 7.175190731372818351e+06
-3.178128018477656879e+05 -1.383425115509924889e+08 1.634897290107428730e+08 1.057795811557696387e+07 -2.968957413017344661e+06 -2.188605545262336091e+04 5.068006269248792000e+15 -8.493571159375479445e+06
-2.020538672162665898e+04 -8.988702009578857571e+06 1.057795811557696387e+07 7.331380078105939319e+05 -1.868999287951293518e+05 -1.392763187146585096e+03 3.201300580778137500e+14 -5.345885835793294245e+05
5.814268783670271660e+03 2.508645309500277508e+06 -2.968957413017344661e+06 -1.868999287951293518e+05 5.453137490721062204e+04 4.000345490916133713e+02 -9.292264705221721875e+13 1.559169909156973590e+05
4.272477060893596956e+01 1.851283203250918814e+04 -2.188605545262336091e+04 -1.392763187146585096e+03 4.000345490916133713e+02 2.965344653364801353e+00 -6.823973248970356445e+11 1.144172049798597982e+03
-9.914130989519128906e+12 -4.286360375353210000e+15 5.068006269248792000e+15 3.201300580778137500e+14 -9.292264705221721875e+13 -6.823973248970356445e+11 1.585496658413894983e+23 -2.657146563063591875e+14
1.662824182767610182e+04 7.175190731372818351e+06 -8.493571159375479445e+06 -5.345885835793294245e+05 1.559169909156973590e+05 1.144172049798597982e+03 -2.657146563063591875e+14 4.460209575418201275e+05
