8.188239688952114648e+02 3.397928197560758563e+05 -4.151614955987053690e+05 -2.600019088976427520e+04 7.505374777972647280e+03 -1.279616722430866211e+13 2.149176541045373597e+04
3.397928197560758563e+05 1.427456645666126609e+08 -1.743047392566054761e+08 -1.108834863773672283e+07 3.121930533671867568e+06 -5.341482101057014000e+15 8.899466709382891655e+06
-4.151614955987053690e+05 -1.743047392566054761e+08 2.137610899531922936e+08 1.350100034284913167e+07 -3.828292532009784132e+06 6.547160671300704000e+15 -1.088588714874834195e+07
-2.600019088976427520e+04 -1.108834863773672283e+07 1.350100034284913167e+07 9.041338839583334047e+05 -2.368196336652576574e+05 4.066220729849425000e+14 -6.757882552035071421e+05
7.505374777972647280e+03 3.121930533671867568e+06 -3.828292532009784132e+06 -2.368196336652576574e+05 6.933011899455089588e+04 -1.182120191490325781e+14 1.973560269058882841e+05
-1.279616722430866211e+13 -5.341482101057014000e+15 6.547160671300704000e+15 4.066220729849425000e+14 -1.182120191490325781e+14 2.019181018367603843e+23 -3.362512363685071250e+14
2.149176541045373597e+04 8.899466709382891655e+06 -1.088588714874834195e+07 -6.757882552035071421e+05 1.973560269058882841e+05 -3.362512363685071250e+14 5.648885384657557588e+05
