2.754581490508910269e+06 5.440061155346190790e+05 -4.193906190373718739e+06 -1.783099634425409837e+06 -1.956817457896572072e+06 2.475612239968124868e+02 2.846995199833444349e+04 -1.020383938052727724e+06 2.167644229668487795e+06
5.440061155346190790e+05 1.107068027651814627e+05 -8.409238175106889103e+05 -3.643593355625211261e+05 -3.927973870391815435e+05 4.979249090583209636e+01 5.705713362364119348e+03 -2.044560249358095753e+05 4.374338710570377298e+05
-4.193906190373718739e+06 -8.409238175106889103e+05 6.437181555480637588e+06 2.754540222728512716e+06 3.008324311733615585e+06 -3.810137724205806649e+02 -4.376449749217204953e+04 1.568458345263477881e+06 -3.322756153017743025e+06
-1.783099634425409837e+06 -3.643593355625211261e+05 2.754540222728512716e+06 1.257793750948074041e+06 1.265645299128690502e+06 -1.612545031785215883e+02 -1.832344759410358893e+04 6.594264979402315803e+05 -1.451000496346646454e+06
-1.956817457896572072e+06 -3.927973870391815435e+05 3.008324311733615585e+06 1.265645299128690502e+06 1.413985011994489934e+06 -1.788448429141760414e+02 -2.059056716456323193e+04 7.368748548609785503e+05 -1.545926627070442773e+06
2.475612239968124868e+02 4.979249090583209636e+01 -3.810137724205806649e+02 -1.612545031785215883e+02 -1.788448429141760414e+02 2.267011740489392746e-02 2.604862519285907840e+00 -9.329903208819730764e+01 1.948891631917660163e+02
2.846995199833444349e+04 5.705713362364119348e+03 -4.376449749217204953e+04 -1.832344759410358893e+04 -2.059056716456323193e+04 2.604862519285907840e+00 3.006172204352768631e+02 -1.075559546347693140e+04 2.225934405590693495e+04
-1.020383938052727724e+06 -2.044560249358095753e+05 1.568458345263477881e+06 6.594264979402315803e+05 7.368748548609785503e+05 -9.329903208819730764e+01 -1.075559546347693140e+04 3.855396242573176860e+05 -7.948144977651113877e+05
2.167644229668487795e+06 4.374338710570377298e+05 -3.322756153017743025e+06 -1.451000496346646454e+06 -1.545926627070442773e+06 1.948891631917660163e+02 2.225934405590693495e+04 -7.948144977651113877e+05 1.829294997921326198e+06
