6.102675794430455198e+02 2.571330795462780516e+05 -3.136153619515574537e+05 -2.019161760881088412e+04 5.687047210525261107e+03 4.251019303837411911e+01 -9.711148493142357422e+12 1.627072071486158347e+04
2.571330795462780516e+05 1.097606865924732089e+08 -1.328980983995432109e+08 -8.755471224789351225e+06 2.388746622220050544e+06 1.782853596418863526e+04 -4.090511805445741000e+15 6.834420757705217227e+06
-3.136153619515574537e+05 -1.328980983995432109e+08 1.618869315370672345e+08 1.058682633300642297e+07 -2.916367149974382482e+06 -2.182621426450844228e+04 4.984360166003617000e+15 -8.346247185126930475e+06
-2.019161760881088412e+04 -8.755471224789351225e+06 1.058682633300642297e+07 7.376195188873689622e+05 -1.860510719598597498e+05 -1.394405878977454904e+03 3.190916182039082500e+14 -5.324203325237205718e+05
5.687047210525261107e+03 2.388746622220050544e+06 -2.916367149974382482e+06 -1.860510719598597498e+05 5.307161766062361130e+04 3.966490266590516285e+02 -9.057243360694015625e+13 1.518091756627255527e+05
4.251019303837411911e+01 1.782853596418863526e+04 -2.182621426450844228e+04 -1.394405878977454904e+03 3.966490266590516285e+02 3.016846574172761919e+00 -6.767242005881849365e+11 1.134680665052177801e+03
-9.711148493142357422e+12 -4.090511805445741000e+15 4.984360166003617000e+15 3.190916182039082500e+14 -9.057243360694015625e+13 -6.767242005881849365e+11 1.547394444545998035e+23 -2.590934158763103750e+14
1.627072071486158347e+04 6.834420757705217227e+06 -8.346247185126930475e+06 -5.324203325237205718e+05 1.518091756627255527e+05 1.134680665052177801e+03 -2.590934158763103750e+14 4.344193447349430062e+05
