1.997378134918549986e+00 2.069444299915936881e+03 -2.672723072677204073e+03 -1.275730914401413685e+02 4.925291377106566415e+01 3.853723257609559250e-01 -8.476858545716128540e+10 6.284909529714383325e+01
2.069444299915936881e+03 2.162631050109279808e+06 -2.778081323699920438e+06 -1.363989591307171504e+05 5.084190986141722533e+04 3.990328944234484538e+02 -8.755447608151167188e+13 6.485298316797151347e+04
-2.672723072677204073e+03 -2.778081323699920438e+06 3.581836280440149829e+06 1.723590245711758907e+05 -6.591776739240759343e+04 -5.155146824189577046e+02 1.134043063481346875e+14 -8.405361426688739448e+04
-1.275730914401413685e+02 -1.363989591307171504e+05 1.723590245711758907e+05 9.619098473238525912e+03 -3.037235033515078158e+03 -2.478656178457751125e+01 5.271857919763070312e+12 -3.889663009614700513e+03
4.925291377106566415e+01 5.084190986141722533e+04 -6.591776739240759343e+04 -3.037235033515078158e+03 1.228487770072525564e+03 9.484976672587240643e+00 -2.106288112610787598e+12 1.562953780675231883e+03
3.853723257609559250e-01 3.990328944234484538e+02 -5.155146824189577046e+02 -2.478656178457751125e+01 9.484976672587240643e+00 7.471565828723999991e-02 -1.633291254951833916e+10 1.210528689313034612e+01
-8.476858545716128540e+10 -8.755447608151167188e+13 1.134043063481346875e+14 5.271857919763070312e+12 -2.106288112610787598e+12 -1.633291254951833916e+10 3.616912505924789207e+21 -2.683212607708763184e+12
6.284909529714383325e+01 6.485298316797151347e+04 -8.405361426688739448e+04 -3.889663009614700513e+03 1.562953780675231883e+03 1.210528689313034612e+01 -2.683212607708763184e+12 1.991001925483695913e+03
