1.059293431985622425e+00 1.107452544622090954e+03 -8.661530882626782386e+02 -6.313205391081164919e+01 -3.221545365427238464e+10 1.737035437822090911e-01 1.800229892966754264e+01 3.090845517864772418e+01 4.019177988467360407e+00
1.107452544622090954e+03 1.182568350901568076e+06 -1.013970820882432396e+06 -7.070498221280655707e+04 -3.570827337799971094e+13 1.883198541192146820e+02 1.999019930286012095e+04 3.246467848472325932e+04 4.417208335046298089e+03
-8.661530882626782386e+02 -1.013970820882432396e+06 1.413211924728869693e+06 7.213741896015287784e+04 4.059968177721656250e+13 -1.862374389230734835e+02 -2.324246953040583321e+04 -2.700087715935934102e+04 -4.180636211277244001e+03
-6.313205391081164919e+01 -7.070498221280655707e+04 7.213741896015287784e+04 4.758535766904119555e+03 2.292819781644701660e+12 -1.163516666216433748e+01 -1.290519135961242227e+03 -1.863016798261602162e+03 -2.760214401941755682e+02
-3.221545365427238464e+10 -3.570827337799971094e+13 4.059968177721656250e+13 2.292819781644701660e+12 1.272944768584421999e+21 -6.177094267881875992e+09 -7.238044918535646973e+11 -9.785723399481005859e+11 -1.386789771750576172e+11
1.737035437822090911e-01 1.883198541192146820e+02 -1.862374389230734835e+02 -1.163516666216433748e+01 -6.177094267881875992e+09 3.128121013980539322e-02 3.485954297425278181e+00 5.173973294090999708e+00 7.148936048317388048e-01
1.800229892966754264e+01 1.999019930286012095e+04 -2.324246953040583321e+04 -1.290519135961242227e+03 -7.238044918535646973e+11 3.485954297425278181e+00 4.133602270359634758e+02 5.497212644728394935e+02 7.640122180467021451e+01
3.090845517864772418e+01 3.246467848472325932e+04 -2.700087715935934102e+04 -1.863016798261602162e+03 -9.785723399481005859e+11 5.173973294090999708e+00 5.497212644728394935e+02 9.096440663727814808e+02 1.176215208728669666e+02
4.019177988467360407e+00 4.417208335046298089e+03 -4.180636211277244001e+03 -2.760214401941755682e+02 -1.386789771750576172e+11 7.148936048317388048e-01 7.640122180467021451e+01 1.176215208728669666e+02 1.891198787306822382e+01
