1.086873735751795357e+04 1.258990041802799702e+07 -1.503467371040513366e+07 -7.757549501407076605e+05 -4.646654743674145000e+14 2.092567216289498901e+03 2.670812285187770030e+05 3.417102097526477301e+05 4.624571964507148368e+04
1.258990041802799702e+07 1.466427808664237976e+10 -1.744513926722649765e+10 -9.141752719760737419e+08 -5.370783514223498880e+17 2.421872528789764270e+06 3.082271687514075637e+08 3.946866157001115084e+08 5.434416362290535867e+07
-1.503467371040513366e+07 -1.744513926722649765e+10 2.081262470821954346e+10 1.077016736632784128e+09 6.427606118115001600e+17 -2.892598899643836077e+06 -3.694368856802788377e+08 -4.726067576275651455e+08 -6.405624003016552329e+07
-7.757549501407076605e+05 -9.141752719760737419e+08 1.077016736632784128e+09 5.989107026646731049e+07 3.266771312529992800e+16 -1.496733721044943668e+05 -1.861513389023068920e+07 -2.395635983512346447e+07 -3.538526068905342836e+06
-4.646654743674145000e+14 -5.370783514223498880e+17 6.427606118115001600e+17 3.266771312529992800e+16 1.993657537949697564e+25 -8.935130899410089062e+13 -1.148160542756043200e+16 -1.466763024204563400e+16 -1.946862471742757500e+15
2.092567216289498901e+03 2.421872528789764270e+06 -2.892598899643836077e+06 -1.496733721044943668e+05 -8.935130899410089062e+13 4.035912385272823713e+02 5.131749181222121115e+04 6.569821070569736185e+04 8.946780315320454974e+03
2.670812285187770030e+05 3.082271687514075637e+08 -3.694368856802788377e+08 -1.861513389023068920e+07 -1.148160542756043200e+16 5.131749181222121115e+04 6.622227798324208707e+06 8.450289313727548346e+06 1.105771424772489816e+06
3.417102097526477301e+05 3.946866157001115084e+08 -4.726067576275651455e+08 -2.395635983512346447e+07 -1.466763024204563400e+16 6.569821070569736185e+04 8.450289313727548346e+06 1.079303375607690029e+07 1.426945238800577587e+06
4.624571964507148368e+04 5.434416362290535867e+07 -6.405624003016552329e+07 -3.538526068905342836e+06 -1.946862471742757500e+15 8.946780315320454974e+03 1.105771424772489816e+06 1.426945238800577587e+06 2.153287951101128710e+05
