9.397670881005991683e-01 9.153512682649823091e+02 -1.257817376531465925e+03 -4.932763162426919479e+01 2.725222836426750916e+01 -3.995217144865535736e+10 3.017952968317062101e+01
9.153512682649823091e+02 9.041836357558586169e+05 -1.231608058862040751e+06 -5.077337695368750428e+04 2.642067086949176155e+04 -3.873875858072445312e+13 2.922146932373604795e+04
-1.257817376531465925e+03 -1.231608058862040751e+06 1.687243484882889315e+06 6.748784254297267762e+04 -3.643363567130060255e+04 5.339614992383635938e+13 -4.031079941105683974e+04
-4.932763162426919479e+01 -5.077337695368750428e+04 6.748784254297267762e+04 3.421122749343759097e+03 -1.369459948502931638e+03 2.022783392459809082e+12 -1.516021532924598205e+03
2.725222836426750916e+01 2.642067086949176155e+04 -3.643363567130060255e+04 -1.369459948502931638e+03 7.990028422815431668e+02 -1.167387379041014648e+12 8.825665243599664791e+02
-3.995217144865535736e+10 -3.873875858072445312e+13 5.339614992383635938e+13 2.022783392459809082e+12 -1.167387379041014648e+12 1.707925359582427218e+21 -1.291058057684479248e+12
3.017952968317062101e+01 2.922146932373604795e+04 -4.031079941105683974e+04 -1.516021532924598205e+03 8.825665243599664791e+02 -1.291058057684479248e+12 9.762020908698732455e+02
