2.606359560399874598e-01 2.423542825449154634e+02 -2.129815433637729143e+02 -1.461877595531556473e+01 4.505825473696260630e+00 4.339624875848004104e-02 -7.960831142505956650e+09 7.562357510428026508e+00
2.423542825449154634e+02 2.310001038378107769e+05 -2.181334693696381291e+05 -1.464918550516935647e+04 4.405849817106513910e+03 4.144864216933880385e+01 -7.769053223142936523e+12 7.050942016826681538e+03
-2.129815433637729143e+02 -2.181334693696381291e+05 3.352979115673892084e+05 1.618735990607583517e+04 -5.683027484207903399e+03 -4.641970457691198249e+01 9.812572171633998047e+12 -6.602750317204516250e+03
-1.461877595531556473e+01 -1.464918550516935647e+04 1.618735990607583517e+04 1.075217533929021556e+03 -2.956671889399596012e+02 -2.681889124320269602e+00 5.188004264469409180e+11 -4.255152603647283058e+02
4.505825473696260630e+00 4.405849817106513910e+03 -5.683027484207903399e+03 -2.956671889399596012e+02 1.040197639600010859e+02 8.875226653474219685e-01 -1.799722959025205688e+11 1.371140853761527865e+02
4.339624875848004104e-02 4.144864216933880385e+01 -4.641970457691198249e+01 -2.681889124320269602e+00 8.875226653474219685e-01 8.329865076290665291e-03 -1.553738504311864376e+09 1.290903090244278184e+00
-7.960831142505956650e+09 -7.769053223142936523e+12 9.812572171633998047e+12 5.188004264469409180e+11 -1.799722959025205688e+11 -1.553738504311864376e+09 3.127571306189139476e+20 -2.409082398582371826e+11
7.562357510428026508e+00 7.050942016826681538e+03 -6.602750317204516250e+03 -4.255152603647283058e+02 1.371140853761527865e+02 1.290903090244278184e+00 -2.409082398582371826e+11 2.216370789699072077e+02
