7.587344502605685648e+02 3.502420581835716730e+05 -6.322876980864962097e+05 -3.564442944775590149e+04 8.796255731221423048e+03 7.213472555753251925e+01 -1.653555207791329492e+13 1.818951596190548298e+04
3.502420581835716730e+05 1.642951009771425724e+08 -2.928479364860663414e+08 -1.687155765887008607e+07 4.045250598349465057e+06 3.310259339712444489e+04 -7.629804689239998000e+15 8.362741732713054866e+06
-6.322876980864962097e+05 -2.928479364860663414e+08 5.273941383390070796e+08 2.991270084892864525e+07 -7.322578123313524760e+06 -6.004696909980908094e+04 1.377448416335577200e+16 -1.514240906014032662e+07
-3.564442944775590149e+04 -1.687155765887008607e+07 2.991270084892864525e+07 1.786771146310831187e+06 -4.086019221977038542e+05 -3.353843592132842332e+03 7.710416625907908750e+14 -8.455047223198456923e+05
8.796255731221423048e+03 4.045250598349465057e+06 -7.322578123313524760e+06 -4.086019221977038542e+05 1.021941508981047227e+05 8.376649803735782598e+02 -1.920173267441843438e+14 2.112162840318820963e+05
7.213472555753251925e+01 3.310259339712444489e+04 -6.004696909980908094e+04 -3.353843592132842332e+03 8.376649803735782598e+02 6.937184328985675386e+00 -1.573388956485766602e+12 1.732239249394034232e+03
-1.653555207791329492e+13 -7.629804689239998000e+15 1.377448416335577200e+16 7.710416625907908750e+14 -1.920173267441843438e+14 -1.573388956485766602e+12 3.611733792540178535e+23 -3.967282671411500000e+14
1.818951596190548298e+04 8.362741732713054866e+06 -1.514240906014032662e+07 -8.455047223198456923e+05 2.112162840318820963e+05 1.732239249394034232e+03 -3.967282671411500000e+14 4.371387509813618381e+05
