4.768070949518462385e+02 1.928436569710236217e+05 -2.271568202633710462e+05 -1.531291816095733884e+04 5.242553943677182360e+03 -6.919367349008106445e+12 1.435112275445167325e+04
1.928436569710236217e+05 7.931833184678877890e+07 -9.290960519051842391e+07 -6.411476699485328980e+06 2.130408923710345756e+06 -2.824414438237866000e+15 5.805108198329430073e+06
-2.271568202633710462e+05 -9.290960519051842391e+07 1.090418641098386347e+08 7.464347075921519659e+06 -2.505379730782078113e+06 3.316821074062226500e+15 -6.838196862902433611e+06
-1.531291816095733884e+04 -6.411476699485328980e+06 7.464347075921519659e+06 5.287769860763498582e+05 -1.700155923388118972e+05 2.263616888293737500e+14 -4.607968121318353224e+05
5.242553943677182360e+03 2.130408923710345756e+06 -2.505379730782078113e+06 -1.700155923388118972e+05 5.773849111255098251e+04 -7.628757980618871875e+13 1.578012164595801733e+05
-6.919367349008106445e+12 -2.824414438237866000e+15 3.316821074062226500e+15 2.263616888293737500e+14 -7.628757980618871875e+13 1.009581522520204672e+23 -2.083108118443681562e+14
1.435112275445167325e+04 5.805108198329430073e+06 -6.838196862902433611e+06 -4.607968121318353224e+05 1.578012164595801733e+05 -2.083108118443681562e+14 4.320030808421166730e+05
