7.227324573785681716e-02 1.289264635931603592e-02 -1.156933099430011158e-01 -2.103452035462094194e-01 1.784301723601022707e-03 -6.559861962500893040e-02 -2.306536071530718157e-02
1.289264635931603592e-02 2.400131357770026938e-03 -2.087689359049289817e-02 -3.961160436559041376e-02 3.182106980539457872e-04 -1.159240125222369897e-02 -4.079998415113941096e-03
-1.156933099430011158e-01 -2.087689359049289817e-02 1.865118960291086425e-01 3.429434609065271644e-01 -2.856608656233261372e-03 1.050974689611667151e-01 3.697206399160944679e-02
-2.103452035462094194e-01 -3.961160436559041376e-02 3.429434609065271644e-01 6.572141928989967408e-01 -5.205368351798382240e-03 1.891975819236120238e-01 6.632148575189339423e-02
1.784301723601022707e-03 3.182106980539457872e-04 -2.856608656233261372e-03 -5.205368351798382240e-03 4.405759464566808936e-05 -1.623330538787041109e-03 -5.689260332773472210e-04
-6.559861962500893040e-02 -1.159240125222369897e-02 1.050974689611667151e-01 1.891975819236120238e-01 -1.623330538787041109e-03 5.996473789958232936e-02 2.103220837706836627e-02
-2.306536071530718157e-02 -4.079998415113941096e-03 3.697206399160944679e-02 6.632148575189339423e-02 -5.689260332773472210e-04 2.103220837706836627e-02 7.412718954749821301e-03
