9.443357276637973428e+02 6.206473343694921141e+01 -8.892501547285924062e+02 -4.177261220534825839e+02 -6.019352399936513720e+00 -4.756129837557007818e+02 -3.817169544237121386e+02
6.206473343694921141e+01 4.189214579302346309e+00 -5.833228753946423240e+01 -2.703069940666414794e+01 -3.947203851025462562e-01 -3.124854719456585173e+01 -2.518257701459088338e+01
-8.892501547285924062e+02 -5.833228753946423240e+01 8.409565492249078034e+02 3.998084477254003559e+02 5.729467937237097352e+00 4.480959556828616996e+02 3.587959587833135515e+02
-4.177261220534825839e+02 -2.703069940666414794e+01 3.998084477254003559e+02 1.986185634010698777e+02 2.767867764917837814e+00 2.104307909363167823e+02 1.672239878343631290e+02
-6.019352399936513720e+00 -3.947203851025462562e-01 5.729467937237097352e+00 2.767867764917837814e+00 3.960960528920823287e-02 3.036446160655435822e+00 2.423226137670351221e+00
-4.756129837557007818e+02 -3.124854719456585173e+01 4.480959556828616996e+02 2.104307909363167823e+02 3.036446160655435822e+00 2.396982818466089782e+02 1.922705575230727959e+02
-3.817169544237121386e+02 -2.518257701459088338e+01 3.587959587833135515e+02 1.672239878343631290e+02 2.423226137670351221e+00 1.922705575230727959e+02 1.545208344227587531e+02
