4.813481960854621207e+02 1.946851670176880143e+05 -2.287691562718939676e+05 -1.545573982492912546e+04 5.290901565788979497e+03 -6.985564746373745117e+12 1.448786625858590560e+04
1.946851670176880143e+05 8.007430831541384757e+07 -9.356739760852327943e+07 -6.471055544436296448e+06 2.150252943833131343e+06 -2.851454121932665000e+15 5.860621112764839083e+06
-2.287691562718939676e+05 -9.356739760852327943e+07 1.095465512844995260e+08 7.515422082804511301e+06 -2.522520550884930883e+06 3.340424199673656000e+15 -6.886783108011404052e+06
-1.545573982492912546e+04 -6.471055544436296448e+06 7.515422082804511301e+06 5.335539654144051019e+05 -1.715739885868382698e+05 2.284789580815237812e+14 -4.651085777770873392e+05
5.290901565788979497e+03 2.150252943833131343e+06 -2.522520550884930883e+06 -1.715739885868382698e+05 5.824293052749629715e+04 -7.699874653947109375e+13 1.592587745059166627e+05
-6.985564746373745117e+12 -2.851454121932665000e+15 3.340424199673656000e+15 2.284789580815237812e+14 -7.699874653947109375e+13 1.019273744244095383e+23 -2.103055360541390000e+14
1.448786625858590560e+04 5.860621112764839083e+06 -6.886783108011404052e+06 -4.651085777770873392e+05 1.592587745059166627e+05 -2.103055360541390000e+14 4.361206923908976023e+05
