1.264742861405866226e+00 1.448049473623153744e+03 -1.743583109418444792e+03 -8.597111203010445024e+01 -5.431531487565509796e+10 2.421937348667932977e-01 3.132934081948062754e+01 3.999517888910538232e+01 5.207243027925757772e+00
1.448049473623153744e+03 1.672826323453581659e+06 -2.003923619550772011e+06 -1.018755482055605826e+05 -6.202376183375609375e+13 2.773399862361532087e+02 3.577877997269105981e+04 4.560390969762440363e+04 6.018494868888426936e+03
-1.743583109418444792e+03 -2.003923619550772011e+06 2.408926818334867246e+06 1.202991746871478681e+05 7.485922768462284375e+13 -3.338969023813628496e+02 -4.323061042525018274e+04 -5.508649381233587337e+04 -7.153785713608440346e+03
-8.597111203010445024e+01 -1.018755482055605826e+05 1.202991746871478681e+05 6.903029942279663373e+03 3.625365225887318359e+12 -1.660012729848071089e+01 -2.091635289834471223e+03 -2.651690198545830299e+03 -3.682761917272661663e+02
-5.431531487565509796e+10 -6.202376183375609375e+13 7.485922768462284375e+13 3.625365225887318359e+12 2.340981161452950258e+21 -1.038626977353536987e+10 -1.352772798138811035e+12 -1.724646592913121582e+12 -2.202163100592071838e+11
2.421937348667932977e-01 2.773399862361532087e+02 -3.338969023813628496e+02 -1.660012729848071089e+01 -1.038626977353536987e+10 4.648686367946205933e-02 5.989464255696230310e+00 7.644986814955762711e+00 1.000061579317185867e+00
3.132934081948062754e+01 3.577877997269105981e+04 -4.323061042525018274e+04 -2.091635289834471223e+03 -1.352772798138811035e+12 5.989464255696230310e+00 7.838400193066582915e+02 9.965872101181904554e+02 1.247434421830394058e+02
3.999517888910538232e+01 4.560390969762440363e+04 -5.508649381233587337e+04 -2.651690198545830299e+03 -1.724646592913121582e+12 7.644986814955762711e+00 9.965872101181904554e+02 1.271029635842841117e+03 1.617958436785623633e+02
5.207243027925757772e+00 6.018494868888426936e+03 -7.153785713608440346e+03 -3.682761917272661663e+02 -2.202163100592071838e+11 1.000061579317185867e+00 1.247434421830394058e+02 1.617958436785623633e+02 2.433045919388935019e+01
