8.708444644455310026e+02 5.632612118751713837e+01 -8.297503678059772483e+02 -3.924295626863337816e+02 -5.648585202785469050e+00 -4.410977565092219947e+02 -3.514228308175557913e+02
5.632612118751713837e+01 3.754017175666255923e+00 -5.394458093808792398e+01 -2.514053688242049134e+01 -3.659982713059361514e-01 -2.870945984822457930e+01 -2.282308280130708766e+01
-8.297503678059772483e+02 -5.394458093808792398e+01 8.013753219824444614e+02 3.819892049524820550e+02 5.469022404900859335e+00 4.238747204418658612e+02 3.343488753099446740e+02
-3.924295626863337816e+02 -2.514053688242049134e+01 3.819892049524820550e+02 1.911251542886358550e+02 2.657198788066785777e+00 1.994268390699596694e+02 1.568991539587513557e+02
-5.648585202785469050e+00 -3.659982713059361514e-01 5.469022404900859335e+00 2.657198788066785777e+00 3.806851164869579085e-02 2.875639564909827861e+00 2.270945179511382417e+00
-4.410977565092219947e+02 -2.870945984822457930e+01 4.238747204418658612e+02 1.994268390699596694e+02 2.875639564909827861e+00 2.252854042768945533e+02 1.780800708364257048e+02
-3.514228308175557913e+02 -2.282308280130708766e+01 3.343488753099446740e+02 1.568991539587513557e+02 2.270945179511382417e+00 1.780800708364257048e+02 1.420188614598530137e+02
