9.449320677846758372e+02 -7.328883749445966678e+05 3.704860630154657410e+05 -7.277810539804353539e+03 3.121671485143188107e+01 9.303193231714556532e+03 -3.273040248396162109e+12 -9.126903578655088722e+02
-7.328883749445966678e+05 8.795429593526897430e+08 -2.564414084189698398e+08 1.325801894403185509e+07 -2.392974964770091174e+04 -4.163320515127288178e+06 1.263537220033500000e+15 7.039541944521319820e+05
3.704860630154657410e+05 -2.564414084189698398e+08 1.555136236368372142e+08 -3.568426672009340487e+06 1.221721338894385372e+04 7.587438757974425331e+06 -2.596697802417994500e+15 -3.585499133836955880e+05
-7.277810539804353539e+03 1.325801894403185509e+07 -3.568426672009340487e+06 1.205208653235466452e+06 -2.192541719169850296e+02 -1.679728334698573686e+06 5.752700161454730000e+14 6.531793432259856672e+03
3.121671485143188107e+01 -2.392974964770091174e+04 1.221721338894385372e+04 -2.192541719169850296e+02 1.032798920421688749e+00 2.832518630277699572e+02 -1.003440098552946930e+11 -3.016915197676828697e+01
9.303193231714556532e+03 -4.163320515127288178e+06 7.587438757974425331e+06 -1.679728334698573686e+06 2.832518630277699572e+02 3.745612235204986297e+06 -1.268275986164409250e+15 -8.292623674949523775e+03
-3.273040248396162109e+12 1.263537220033500000e+15 -2.596697802417994500e+15 5.752700161454730000e+14 -1.003440098552946930e+11 -1.268275986164409250e+15 4.435405114308385372e+23 2.896295937718272949e+12
-9.126903578655088722e+02 7.039541944521319820e+05 -3.585499133836955880e+05 6.531793432259856672e+03 -3.016915197676828697e+01 -8.292623674949523775e+03 2.896295937718272949e+12 8.826519018698030550e+02
