1.609805389513822860e+01 1.750679518139060198e+00 -1.282833369550086999e+01 -8.834569951774035701e+00 2.199793025903484245e-01 -6.786922015415728815e+00 -5.882463541323218692e+00
1.750679518139060198e+00 1.956504796436471794e-01 -1.419743498708240015e+00 -1.017485836919018505e+00 2.420389553339813427e-02 -7.463655946316742895e-01 -6.385275532638160501e-01
-1.282833369550086999e+01 -1.419743498708240015e+00 1.043003792600091728e+01 7.411162643648320447e+00 -1.775733268015506905e-01 5.487024271396895969e+00 4.678566750763528681e+00
-8.834569951774035701e+00 -1.017485836919018505e+00 7.411162643648320447e+00 5.738176318761446737e+00 -1.255508966645038638e-01 3.867821481357877289e+00 3.213344676453139925e+00
2.199793025903484245e-01 2.420389553339813427e-02 -1.775733268015506905e-01 -1.255508966645038638e-01 3.029672248324789298e-03 -9.370123044646372357e-02 -8.027128736050995195e-02
-6.786922015415728815e+00 -7.463655946316742895e-01 5.487024271396895969e+00 3.867821481357877289e+00 -9.370123044646372357e-02 2.901990100351152790e+00 2.478569427610361586e+00
-5.882463541323218692e+00 -6.385275532638160501e-01 4.678566750763528681e+00 3.213344676453139925e+00 -8.027128736050995195e-02 2.478569427610361586e+00 2.152032505329264378e+00
