6.547572737845592883e+02 2.833488164368545404e+05 -3.354620326539489324e+05 -2.144959010409214170e+04 7.395791129184346573e+03 -1.051082421141090234e+13 1.754653452445937000e+04
2.833488164368545404e+05 1.236208325888373852e+08 -1.459474525356636047e+08 -9.515757168540272862e+06 3.195860903034506366e+06 -4.548301642088712000e+15 7.572667277570036240e+06
-3.354620326539489324e+05 -1.459474525356636047e+08 1.725807782196156383e+08 1.119281753050993197e+07 -3.785170544745983556e+06 5.381935431016362000e+15 -8.973964891672365367e+06
-2.144959010409214170e+04 -9.515757168540272862e+06 1.119281753050993197e+07 7.691796290566661628e+05 -2.408334185564882355e+05 3.427595769145915000e+14 -5.688093314311513677e+05
7.395791129184346573e+03 3.195860903034506366e+06 -3.785170544745983556e+06 -2.408334185564882355e+05 8.357573009555650060e+04 -1.187685667192508438e+14 1.983420221273572533e+05
-1.051082421141090234e+13 -4.548301642088712000e+15 5.381935431016362000e+15 3.427595769145915000e+14 -1.187685667192508438e+14 1.689496469640087045e+23 -2.818012850007450625e+14
1.754653452445937000e+04 7.572667277570036240e+06 -8.973964891672365367e+06 -5.688093314311513677e+05 1.983420221273572533e+05 -2.818012850007450625e+14 4.708758350495976629e+05
