1.897463739779888581e+00 1.974663880037431682e+03 -2.542020974368779662e+03 -1.227711450072478669e+02 4.663433126435235465e+01 3.653929969941851486e-01 -8.034948749828097534e+10 5.955569891885777878e+01
1.974663880037431682e+03 2.072453247769416077e+06 -2.654482873102666810e+06 -1.317617595176926116e+05 4.840400867686182028e+04 3.801067195814557067e+02 -8.340268744352415625e+13 6.175879415068015805e+04
-2.542020974368779662e+03 -2.654482873102666810e+06 3.411340189638894983e+06 1.661891923302058131e+05 -6.251310439983448305e+04 -4.893297777704888176e+02 1.076353217258515312e+14 -7.975128928320835985e+04
-1.227711450072478669e+02 -1.317617595176926116e+05 1.661891923302058131e+05 9.363748050267393410e+03 -2.925093125921294359e+03 -2.383951708133981739e+01 5.071051776672929688e+12 -3.740172896592099278e+03
4.663433126435235465e+01 4.840400867686182028e+04 -6.251310439983448305e+04 -2.925093125921294359e+03 1.159242122703390351e+03 8.960436767083850285e+00 -1.989420026016524902e+12 1.475593994051896971e+03
3.653929969941851486e-01 3.801067195814557067e+02 -4.893297777704888176e+02 -2.383951708133981739e+01 8.960436767083850285e+00 7.076092087614560544e-02 -1.544541268992242432e+10 1.144466169065494654e+01
-8.034948749828097534e+10 -8.340268744352415625e+13 1.076353217258515312e+14 5.071051776672929688e+12 -1.989420026016524902e+12 -1.544541268992242432e+10 3.420141640874238411e+21 -2.536367391686704590e+12
5.955569891885777878e+01 6.175879415068015805e+04 -7.975128928320835985e+04 -3.740172896592099278e+03 1.475593994051896971e+03 1.144466169065494654e+01 -2.536367391686704590e+12 1.881411550265757569e+03
