8.321119654124569109e-01 8.448243336654791165e+02 -1.107834597826721392e+03 -4.515454721202139865e+01 2.501414840004011353e+01 -3.664357108643761444e+10 2.716734881452643435e+01
8.448243336654791165e+02 8.696550109542548889e+05 -1.130237592632086482e+06 -4.843731880956079112e+04 2.527125029438847560e+04 -3.702784741738786719e+13 2.740963463327072532e+04
-1.107834597826721392e+03 -1.130237592632086482e+06 1.478006848528589588e+06 6.112661575800032006e+04 -3.330208560998154280e+04 4.875534438033639062e+13 -3.612804657465708442e+04
-4.515454721202139865e+01 -4.843731880956079112e+04 6.112661575800032006e+04 3.247093440318509693e+03 -1.297644048269035238e+03 1.915688392698760986e+12 -1.407861291099907703e+03
2.501414840004011353e+01 2.527125029438847560e+04 -3.330208560998154280e+04 -1.297644048269035238e+03 7.602553583192772066e+02 -1.110000822951269531e+12 8.237262793313402653e+02
-3.664357108643761444e+10 -3.702784741738786719e+13 4.875534438033639062e+13 1.915688392698760986e+12 -1.110000822951269531e+12 1.622798041748621230e+21 -1.204098017899440186e+12
2.716734881452643435e+01 2.740963463327072532e+04 -3.612804657465708442e+04 -1.407861291099907703e+03 8.237262793313402653e+02 -1.204098017899440186e+12 8.937129054681247453e+02
