8.188239688952114648e+02 3.422240540457420866e+05 -4.151614955987053690e+05 -2.607570511242728389e+04 9.056067639783648701e+03 -1.289647009593501172e+13 2.149140939465024712e+04
3.422240540457420866e+05 1.447384177716101408e+08 -1.755437877825034559e+08 -1.119851089028888196e+07 3.798882184855900239e+06 -5.421824497342276000e+15 8.963471414206055924e+06
-4.151614955987053690e+05 -1.755437877825034559e+08 2.137610899531922936e+08 1.353954646621358022e+07 -4.624430677660610527e+06 6.599238768887244000e+15 -1.088604811942241341e+07
-2.607570511242728389e+04 -1.119851089028888196e+07 1.353954646621358022e+07 9.092570947453853441e+05 -2.880320980946118361e+05 4.111211827533846250e+14 -6.777740138404441532e+05
9.056067639783648701e+03 3.798882184855900239e+06 -4.624430677660610527e+06 -2.880320980946118361e+05 1.008272241288855294e+05 -1.437153631091931250e+14 2.380129159895083285e+05
-1.289647009593501172e+13 -5.421824497342276000e+15 6.599238768887244000e+15 4.111211827533846250e+14 -1.437153631091931250e+14 2.051045801307070540e+23 -3.388815907598343125e+14
2.149140939465024712e+04 8.963471414206055924e+06 -1.088604811942241341e+07 -6.777740138404441532e+05 2.380129159895083285e+05 -3.388815907598343125e+14 5.648641361411625985e+05
