4.347171916162687921e+03 3.438118194736185484e+06 -4.504968683951463550e+06 -2.775200170516883954e+05 -1.204732686019726406e+14 4.495327856558180883e+02 6.817432141277511255e+04 1.601210446296288283e+05 2.670443551372002548e+04
3.438118194736185484e+06 2.844588028977108479e+09 -3.654365691972069263e+09 -2.299375270469406843e+08 -9.808975246907592000e+16 3.649637996829256299e+05 5.524499337156411260e+07 1.277947939835961908e+08 2.226985914754261076e+07
-4.504968683951463550e+06 -3.654365691972069263e+09 4.736815617689825058e+09 2.949266814519967437e+08 1.270033517214509120e+17 -4.729341977279674611e+05 -7.175033866226522624e+07 -1.668275559742379785e+08 -2.837784636595922709e+07
-2.775200170516883954e+05 -2.299375270469406843e+08 2.949266814519967437e+08 1.870208938936759159e+07 7.896441582140502000e+15 -2.942445348463534174e+04 -4.432726086349164136e+06 -1.030570286298349686e+07 -1.818803127482498297e+06
-1.204732686019726406e+14 -9.808975246907592000e+16 1.270033517214509120e+17 7.896441582140502000e+15 3.410356624909791209e+24 -1.268758348206795703e+13 -1.928621937198751000e+15 -4.467345771460660500e+15 -7.581641290395317500e+14
4.495327856558180883e+02 3.649637996829256299e+05 -4.729341977279674611e+05 -2.942445348463534174e+04 -1.268758348206795703e+13 4.725129669474346628e+01 7.166187605581895696e+03 1.666456635575675318e+04 2.835653180355305722e+03
6.817432141277511255e+04 5.524499337156411260e+07 -7.175033866226522624e+07 -4.432726086349164136e+06 -1.928621937198751000e+15 7.166187605581895696e+03 1.095273483943951549e+06 2.526852945992231835e+06 4.201820933036644710e+05
1.601210446296288283e+05 1.277947939835961908e+08 -1.668275559742379785e+08 -1.030570286298349686e+07 -4.467345771460660500e+15 1.666456635575675318e+04 2.526852945992231835e+06 5.920777995557346381e+06 9.902012408196906326e+05
2.670443551372002548e+04 2.226985914754261076e+07 -2.837784636595922709e+07 -1.818803127482498297e+06 -7.581641290395317500e+14 2.835653180355305722e+03 4.201820933036644710e+05 9.902012408196906326e+05 1.867965114272484498e+05
