1.230563413817066021e+00 2.664342615250216983e-01 -2.810473146343420936e+00 -8.323289461988876425e-01 -8.863084951406389675e-03 -1.613622817683715072e+00 -5.807993777272295599e-01
2.664342615250216983e-01 5.998748730085079472e-02 -6.144176474410772970e-01 -1.887139396597174723e-01 -1.950374260566962482e-03 -3.503540045483586329e-01 -1.257231422690441580e-01
-2.810473146343420936e+00 -6.144176474410772970e-01 6.437735450203303067e+00 1.947796512466435814e+00 2.042575763923860227e-02 3.681505639275171937e+00 1.323780032845315535e+00
-8.323289461988876425e-01 -1.887139396597174723e-01 1.947796512466435814e+00 7.928234687220561128e-01 6.803391340339355435e-03 1.040568248058020284e+00 3.713373650158055539e-01
-8.863084951406389675e-03 -1.950374260566962482e-03 2.042575763923860227e-02 6.803391340339355435e-03 7.000489958071713040e-05 1.145897170058167783e-02 4.108983139880856977e-03
-1.613622817683715072e+00 -3.503540045483586329e-01 3.681505639275171937e+00 1.040568248058020284e+00 1.145897170058167783e-02 2.131967447586547326e+00 7.675770631053813187e-01
-5.807993777272295599e-01 -1.257231422690441580e-01 1.323780032845315535e+00 3.713373650158055539e-01 4.108983139880856977e-03 7.675770631053813187e-01 2.764691849449513739e-01
