5.112718179838169021e+02 2.307625332401907071e+05 -2.731739448860157863e+05 -1.785910809454795890e+04 6.290451493715347169e+03 -8.339193863866875000e+12 1.557331070149114748e+04
2.307625332401907071e+05 1.335419629825930595e+08 -1.560859924643180072e+08 -9.714300665939185768e+06 3.631374145786426961e+06 -4.833597148112047000e+15 7.219563250318528153e+06
-2.731739448860157863e+05 -1.560859924643180072e+08 1.836178159801319540e+08 1.128730913206732273e+07 -4.274187046496704221e+06 5.690763130044399000e+15 -8.549180468995882198e+06
-1.785910809454795890e+04 -9.714300665939185768e+06 1.128730913206732273e+07 7.929957004153907765e+05 -2.526319876758115424e+05 3.369673561065833750e+14 -5.509756704042593483e+05
6.290451493715347169e+03 3.631374145786426961e+06 -4.274187046496704221e+06 -2.526319876758115424e+05 1.008559896707322623e+05 -1.341004513022838125e+14 1.974571172168912890e+05
-8.339193863866875000e+12 -4.833597148112047000e+15 5.690763130044399000e+15 3.369673561065833750e+14 -1.341004513022838125e+14 1.785918369878783589e+23 -2.619637171588462188e+14
1.557331070149114748e+04 7.219563250318528153e+06 -8.549180468995882198e+06 -5.509756704042593483e+05 1.974571172168912890e+05 -2.619637171588462188e+14 4.759550989677305333e+05
