3.106009987676459638e-01 2.659828860050058097e+02 -4.287051342972117141e+02 1.711495814806556481e+01 1.447610297658202505e+01 -1.997288103583901596e+10 1.313291312338768257e+01
2.659828860050058097e+02 3.051647915479643852e+05 -4.026489087794268853e+05 -5.862537474639108268e+02 1.179366224246963975e+04 -1.584618930432960156e+13 1.055356765684008678e+04
-4.287051342972117141e+02 -4.026489087794268853e+05 6.084204969145753421e+05 -1.649874983904050532e+04 -1.971945276339130942e+04 2.699938968545551953e+13 -1.780267029845343131e+04
1.711495814806556481e+01 -5.862537474639108268e+02 -1.649874983904050532e+04 4.095208212071987418e+03 9.215139655101676226e+02 -1.357829480853765381e+12 8.643842627668907426e+02
1.447610297658202505e+01 1.179366224246963975e+04 -1.971945276339130942e+04 9.215139655101676226e+02 6.810988474266409867e+02 -9.422512492816093750e+11 6.174445861752088831e+02
-1.997288103583901596e+10 -1.584618930432960156e+13 2.699938968545551953e+13 -1.357829480853765381e+12 -9.422512492816093750e+11 1.306501191357072671e+21 -8.559435795267885742e+11
1.313291312338768257e+01 1.055356765684008678e+04 -1.780267029845343131e+04 8.643842627668907426e+02 6.174445861752088831e+02 -8.559435795267885742e+11 5.617355429231216704e+02
