9.322263678493128509e+02 4.318742068901185994e+05 -7.721309750859816559e+05 -4.285206836729723727e+04 1.087102463651025755e+04 8.702465259016774723e+01 -2.024064848549678906e+13 2.248382927920989096e+04
4.318742068901185994e+05 2.032487987848498821e+08 -3.589475092838828564e+08 -2.030863619097050652e+07 5.017439546737768687e+06 4.025713713358763198e+04 -9.387010786584998000e+15 1.037419880029333942e+07
-7.721309750859816559e+05 -3.589475092838828564e+08 6.403003236429558992e+08 3.575095111150833219e+07 -8.994324613761264831e+06 -7.206664043573196977e+04 1.676781693972093400e+16 -1.859939839245701209e+07
-4.285206836729723727e+04 -2.030863619097050652e+07 3.575095111150833219e+07 2.077216690930441488e+06 -4.953804752006506315e+05 -3.990006934525686120e+03 9.292148880819525000e+14 -1.022701881253124680e+06
1.087102463651025755e+04 5.017439546737768687e+06 -8.994324613761264831e+06 -4.953804752006506315e+05 1.269721936013392115e+05 1.015380104334956968e+03 -2.361213542265309375e+14 2.626113131606049137e+05
8.702465259016774723e+01 4.025713713358763198e+04 -7.206664043573196977e+04 -3.990006934525686120e+03 1.015380104334956968e+03 8.204527117365163491e+00 -1.890332960699293457e+12 2.099591429559714925e+03
-2.024064848549678906e+13 -9.387010786584998000e+15 1.676781693972093400e+16 9.292148880819525000e+14 -2.361213542265309375e+14 -1.890332960699293457e+12 4.399253668412245672e+23 -4.882616414530089375e+14
2.248382927920989096e+04 1.037419880029333942e+07 -1.859939839245701209e+07 -1.022701881253124680e+06 2.626113131606049137e+05 2.099591429559714925e+03 -4.882616414530089375e+14 5.436913067837629933e+05
