5.159446471140746553e+02 2.328066575384366151e+05 -3.005903305806816556e+06 -1.801350093267073680e+04 6.344705383656009872e+03 -8.413096140807128906e+12 1.571515280065557818e+04
2.328066575384366151e+05 1.346520000456173718e+08 -4.770072775216803551e+09 -9.793119293199524283e+06 3.661641449945530854e+06 -4.873996515685908000e+15 7.283269888638928533e+06
-3.005903305806816556e+06 -4.770072775216803551e+09 4.428131470248882500e+15 4.535869774785022736e+08 -1.102098667601627111e+08 1.543170375980384640e+17 -1.113034526126531065e+08
-1.801350093267073680e+04 -9.793119293199524283e+06 4.535869774785022736e+08 7.991811357822245918e+05 -2.547110001390263205e+05 3.397423777726084375e+14 -5.557254861634463305e+05
6.344705383656009872e+03 3.661641449945530854e+06 -1.102098667601627111e+08 -2.547110001390263205e+05 1.016654446330788924e+05 -1.352156294290865625e+14 1.991567853980687214e+05
-8.413096140807128906e+12 -4.873996515685908000e+15 1.543170375980384640e+17 3.397423777726084375e+14 -1.352156294290865625e+14 1.800829971659908291e+23 -2.642738607087279375e+14
1.571515280065557818e+04 7.283269888638928533e+06 -1.113034526126531065e+08 -5.557254861634463305e+05 1.991567853980687214e+05 -2.642738607087279375e+14 4.802738868695714045e+05
