4.277143921263624179e+03 3.334934513624208048e+06 -4.389157214582365938e+06 -2.703612063160468242e+05 -1.169584544196196094e+14 4.381076784352794107e+02 6.585744667406273948e+04 1.572979149334201938e+05 2.656850006015268445e+04
3.334934513624208048e+06 2.699626627453433990e+09 -3.490616296695536613e+09 -2.195711456389550865e+08 -9.319265070789238400e+16 3.490321863540330669e+05 5.204165175544100255e+07 1.237310845677680969e+08 2.198986606383188069e+07
-4.389157214582365938e+06 -3.490616296695536613e+09 4.551767230948255539e+09 2.834055262753243446e+08 1.214323231370240320e+17 -4.548350870350582409e+05 -6.809635550094842911e+07 -1.622404698513676226e+08 -2.808581331334275752e+07
-2.703612063160468242e+05 -2.195711456389550865e+08 2.834055262753243446e+08 1.789728486066723242e+07 7.561628622290309000e+15 -2.832050687993638348e+04 -4.216066792637644336e+06 -1.002549562119398639e+07 -1.796465137472594623e+06
-1.169584544196196094e+14 -9.319265070789238400e+16 1.214323231370240320e+17 7.561628622290309000e+15 3.241171527807264939e+24 -1.213998889485608008e+13 -1.817410684039554750e+15 -4.328035548151068000e+15 -7.494802127649658750e+14
4.381076784352794107e+02 3.490321863540330669e+05 -4.548350870350582409e+05 -2.832050687993638348e+04 -1.213998889485608008e+13 4.547115312604370985e+01 6.807504774420141075e+03 1.621199822803613097e+04 2.806253049137552352e+03
6.585744667406273948e+04 5.204165175544100255e+07 -6.809635550094842911e+07 -4.216066792637644336e+06 -1.817410684039554750e+15 6.807504774420141075e+03 1.022035695451193838e+06 2.435178688185796142e+06 4.145071171597351786e+05
1.572979149334201938e+05 1.237310845677680969e+08 -1.622404698513676226e+08 -1.002549562119398639e+07 -4.328035548151068000e+15 1.621199822803613097e+04 2.435178688185796142e+06 5.807756384995534085e+06 9.840801163880603854e+05
2.656850006015268445e+04 2.198986606383188069e+07 -2.808581331334275752e+07 -1.796465137472594623e+06 -7.494802127649658750e+14 2.806253049137552352e+03 4.145071171597351786e+05 9.840801163880603854e+05 1.869269637915047060e+05
