3.527615806803428768e+03 2.835648537712953519e+06 -3.649711044202715158e+06 -2.080238555680261052e+05 -1.001215805704235312e+14 4.371324982632085039e+02 5.237002008630736964e+04 1.163796565706460678e+05 2.591064051488156474e+04
2.835648537712953519e+06 2.516339298631273270e+09 -3.127450854030038834e+09 -1.820513459739177823e+08 -8.709378707907475200e+16 3.836060908394794096e+05 4.611149294940166920e+07 9.980930302022649348e+07 2.082501561845980957e+07
-3.649711044202715158e+06 -3.127450854030038834e+09 3.939634334249135017e+09 2.269787185591461360e+08 1.092651241324009120e+17 -4.798280382307940745e+05 -5.771450748553343862e+07 -1.258550959319647551e+08 -2.661398948584650457e+07
-2.080238555680261052e+05 -1.820513459739177823e+08 2.269787185591461360e+08 1.365593027493503876e+07 6.240239309994151000e+15 -2.755961642653412491e+04 -3.296088020705188625e+06 -7.167230246712083928e+06 -1.543791060054780450e+06
-1.001215805704235312e+14 -8.709378707907475200e+16 1.092651241324009120e+17 6.240239309994151000e+15 3.049729560565482414e+24 -1.339643793899283789e+13 -1.616164054854827750e+15 -3.504886028449508000e+15 -7.248862563008897500e+14
4.371324982632085039e+02 3.836060908394794096e+05 -4.798280382307940745e+05 -2.755961642653412491e+04 -1.339643793899283789e+13 5.904731310275265344e+01 7.110564153785429880e+03 1.537704746745133525e+04 3.150069829293895509e+03
5.237002008630736964e+04 4.611149294940166920e+07 -5.771450748553343862e+07 -3.296088020705188625e+06 -1.616164054854827750e+15 7.110564153785429880e+03 8.626459643744465429e+05 1.855636048912639264e+06 3.723510353238476673e+05
1.163796565706460678e+05 9.980930302022649348e+07 -1.258550959319647551e+08 -7.167230246712083928e+06 -3.504886028449508000e+15 1.537704746745133525e+04 1.855636048912639264e+06 4.070999641746380366e+06 8.382464992011457216e+05
2.591064051488156474e+04 2.082501561845980957e+07 -2.661398948584650457e+07 -1.543791060054780450e+06 -7.248862563008897500e+14 3.150069829293895509e+03 3.723510353238476673e+05 8.382464992011457216e+05 2.050448948534704687e+05
