2.037698154131288640e+06 4.054017606844321708e+05 -3.124638381816894747e+06 -1.331818971033846727e+06 -1.467287618628141470e+06 1.858324143583446926e+02 2.108576166796444159e+04 -7.537498893470518524e+05 1.666854013466787059e+06
4.054017606844321708e+05 8.322350940579682356e+04 -6.306924258849953767e+05 -2.758835817429547897e+05 -2.955919506477323594e+05 3.755230456484396484e+01 4.244463391445770867e+03 -1.518797867210835975e+05 3.377208351158776204e+05
-3.124638381816894747e+06 -6.306924258849953767e+05 4.826772686935691163e+06 2.074496245607663877e+06 2.267434712976495735e+06 -2.876101373314670582e+02 -3.259414054248098546e+04 1.165889592159165069e+06 -2.565976563644660637e+06
-1.331818971033846727e+06 -2.758835817429547897e+05 2.074496245607663877e+06 9.876081805784095777e+05 9.459612367586015025e+05 -1.215235648354774582e+02 -1.358414388459204201e+04 4.891201499713242520e+05 -1.113261554760670988e+06
-1.467287618628141470e+06 -2.955919506477323594e+05 2.267434712976495735e+06 9.459612367586015025e+05 1.074999864347991068e+06 -1.358993410395162300e+02 -1.545774602275075813e+04 5.517619219197062775e+05 -1.202715914716812782e+06
1.858324143583446926e+02 3.755230456484396484e+01 -2.876101373314670582e+02 -1.215235648354774582e+02 -1.358993410395162300e+02 1.723682511631367473e-02 1.955448960113567836e+00 -6.989053449578774746e+01 1.516710833600490389e+02
2.108576166796444159e+04 4.244463391445770867e+03 -3.259414054248098546e+04 -1.358414388459204201e+04 -1.545774602275075813e+04 1.955448960113567836e+00 2.227361792185371883e+02 -7.945514115268992100e+03 1.717227867701545620e+04
-7.537498893470518524e+05 -1.518797867210835975e+05 1.165889592159165069e+06 4.891201499713242520e+05 5.517619219197062775e+05 -6.989053449578774746e+01 -7.945514115268992100e+03 2.843038913105783286e+05 -6.105933626169478521e+05
1.666854013466787059e+06 3.377208351158776204e+05 -2.565976563644660637e+06 -1.113261554760670988e+06 -1.202715914716812782e+06 1.516710833600490389e+02 1.717227867701545620e+04 -6.105933626169478521e+05 1.444952241682807216e+06
