1.022712946837756709e+00 2.068192543332844635e-01 -2.433359211753110429e+00 -7.318841617888300899e-01 1.037344226338888543e-02 -1.390331147924948940e+00 -5.017979416480382593e-01
2.068192543332844635e-01 4.395008406138603552e-02 -4.950972761957198598e-01 -1.482768430794382808e-01 2.132993740287381437e-03 -2.832716791255901478e-01 -1.020512080037817293e-01
-2.433359211753110429e+00 -4.950972761957198598e-01 5.803820224169109032e+00 1.784965649318210668e+00 -2.456628499659396087e-02 3.302381415952746480e+00 1.191126009082575266e+00
-7.318841617888300899e-01 -1.482768430794382808e-01 1.784965649318210668e+00 7.241283585135815937e-01 -6.642912723025584665e-03 9.530441200833534854e-01 3.420584147063356339e-01
1.037344226338888543e-02 2.132993740287381437e-03 -2.456628499659396087e-02 -6.642912723025584665e-03 1.095250857401829444e-04 -1.431159768758333804e-02 -5.169657965131261614e-03
-1.390331147924948940e+00 -2.832716791255901478e-01 3.302381415952746480e+00 9.530441200833534854e-01 -1.431159768758333804e-02 1.901806562715840476e+00 6.865268263223587297e-01
-5.017979416480382593e-01 -1.020512080037817293e-01 1.191126009082575266e+00 3.420584147063356339e-01 -5.169657965131261614e-03 6.865268263223587297e-01 2.478893364472853356e-01
