8.195158378649268798e+02 2.290529261093560365e+01 -7.870709177768264908e+02 -3.715852676290476779e+02 2.024000927495593238e+00 -4.183363817568032914e+02 -3.352484988036597997e+02
2.290529261093560365e+01 1.049121785474861790e+00 -2.125807874664869601e+01 -8.710948011340400754e+00 6.306490756003786669e-02 -1.161707800826594905e+01 -9.595672054100413462e+00
-7.870709177768264908e+02 -2.125807874664869601e+01 7.589294079544579290e+02 3.626707629423406161e+02 -1.915427620151167964e+00 4.018873249960420253e+02 3.214569373263002490e+02
-3.715852676290476779e+02 -8.710948011340400754e+00 3.626707629423406161e+02 1.816365025483259785e+02 -8.623432626065642426e-01 1.894698554880664290e+02 1.506745830853619736e+02
2.024000927495593238e+00 6.306490756003786669e-02 -1.915427620151167964e+00 -8.623432626065642426e-01 5.322285108819322860e-03 -1.032877766145292808e+00 -8.326882499343328803e-01
-4.183363817568032914e+02 -1.161707800826594905e+01 4.018873249960420253e+02 1.894698554880664290e+02 -1.032877766145292808e+00 2.137501572889089232e+02 1.711562684451479299e+02
-3.352484988036597997e+02 -9.595672054100413462e+00 3.214569373263002490e+02 1.506745830853619736e+02 -8.326882499343328803e-01 1.711562684451479299e+02 1.373076807879305079e+02
