5.194387727887805113e+02 3.153959015337700839e+05 -4.522312172404212179e+05 -4.044230113810682297e+08 -1.182801947703985938e+13 -5.911438297443521023e+08 6.036333394547955322e+03 -1.042246262645551935e+07 -3.489178345608923584e+07
3.153959015337700839e+05 1.975552703484241068e+08 -2.787062416745843887e+08 -2.568289782692249451e+11 -7.276797860322560000e+15 -3.379395433960426025e+11 3.710859238054423593e+06 -5.774208003350166321e+09 -1.974071856159076309e+10
-4.522312172404212179e+05 -2.787062416745843887e+08 3.968816203290787935e+08 3.470740074995028687e+11 1.038485070488644200e+16 5.045213453746887207e+11 -5.301343347286740318e+06 8.754887695949102402e+09 2.861275794556349564e+10
-4.044230113810682297e+08 -2.568289782692249451e+11 3.470740074995028687e+11 2.263385666548634720e+10 5.437626928477872500e+14 2.750802495492373657e+10 -2.772560213344601216e+05 4.338028366801626086e+08 1.714582454016115189e+09
-1.182801947703985938e+13 -7.276797860322560000e+15 1.038485070488644200e+16 5.437626928477872500e+14 2.740598370188394999e+23 1.287019104117737882e+19 -1.399538371481395781e+14 2.297321959869053440e+17 7.066714082288922880e+17
-5.911438297443521023e+08 -3.379395433960426025e+11 5.045213453746887207e+11 2.750802495492373657e+10 1.287019104117737882e+19 -5.397623822074259818e+07 5.964305270745152256e+02 -1.050903925522083882e+06 -3.019559856692075729e+06
6.036333394547955322e+03 3.710859238054423593e+06 -5.301343347286740318e+06 -2.772560213344601216e+05 -1.399538371481395781e+14 5.964305270745152256e+02 7.160645943456765963e+04 -1.168232616126092970e+08 -3.462601027642581463e+08
-1.042246262645551935e+07 -5.774208003350166321e+09 8.754887695949102402e+09 4.338028366801626086e+08 2.297321959869053440e+17 -1.050903925522083882e+06 -1.168232616126092970e+08 -2.541507309820546806e+08 -7.234111806517014503e+08
-3.489178345608923584e+07 -1.974071856159076309e+10 2.861275794556349564e+10 1.714582454016115189e+09 7.066714082288922880e+17 -3.019559856692075729e+06 -3.462601027642581463e+08 -7.234111806517014503e+08 -2.912318857048535347e+08
