2.863664505573127528e+01 3.958025476336692373e+04 -4.647962113781918742e+04 -2.258823913704433380e+03 1.018228304353710314e+03 -1.502741068553334717e+12 1.064231329136686327e+03
3.958025476336692373e+04 5.543982224132723361e+07 -6.458968539141266048e+07 -3.330969718499923125e+06 1.396077749417483108e+06 -2.058858118340853750e+15 1.463879924459161237e+06
-4.647962113781918742e+04 -6.458968539141266048e+07 7.560817836933912337e+07 3.769275134871076792e+06 -1.647018478059121175e+06 2.430275587609426500e+15 -1.723980320830439450e+06
-2.258823913704433380e+03 -3.330969718499923125e+06 3.769275134871076792e+06 2.499247394266672491e+05 -7.609822436366601323e+04 1.123341382379508281e+14 -8.180913968955013843e+04
1.018228304353710314e+03 1.396077749417483108e+06 -1.647018478059121175e+06 -7.609822436366601323e+04 3.646812141914584936e+04 -5.379506254637424219e+13 3.795609756538432703e+04
-1.502741068553334717e+12 -2.058858118340853750e+15 2.430275587609426500e+15 1.123341382379508281e+14 -5.379506254637424219e+13 7.940752384241698446e+22 -5.603649516828450781e+13
1.064231329136686327e+03 1.463879924459161237e+06 -1.723980320830439450e+06 -8.180913968955013843e+04 3.795609756538432703e+04 -5.603649516828450781e+13 3.962276023679714854e+04
