4.767858909137908086e+02 1.923884773752693727e+05 -2.271771666377486836e+05 -1.529455273980266247e+04 2.478053996462248776e+01 1.739278950428023052e+01 -6.924310807260599609e+12 -4.437970341108788261e+02
1.923884773752693727e+05 7.894288708781242371e+07 -9.269658830698387325e+07 -6.388590343215819448e+06 1.003460282021715830e+04 7.081733335457295652e+03 -2.819892580820745500e+15 -1.791022537826773769e+05
-2.271771666377486836e+05 -9.269658830698387325e+07 1.090596663800155818e+08 7.455815280662307516e+06 -1.183420994391677414e+04 -8.337341103486041902e+03 3.319588673582433500e+15 2.114939560898717609e+05
-1.529455273980266247e+04 -6.388590343215819448e+06 7.455815280662307516e+06 5.275718968790294603e+05 -8.007418869993066437e+02 -5.680676364868235169e+02 2.262723067641013438e+14 1.423329575394395215e+04
2.478053996462248776e+01 1.003460282021715830e+04 -1.183420994391677414e+04 -8.007418869993066437e+02 1.289950660977252861e+00 9.058163713653235583e-01 -3.606308825070687256e+11 -2.306621981513342234e+01
1.739278950428023052e+01 7.081733335457295652e+03 -8.337341103486041902e+03 -5.680676364868235169e+02 9.058163713653235583e-01 6.378646390786599785e-01 -2.539538967095142822e+11 -1.619368970152271814e+01
-6.924310807260599609e+12 -2.819892580820745500e+15 3.319588673582433500e+15 2.262723067641013438e+14 -3.606308825070687256e+11 -2.539538967095142822e+11 1.011095388965808175e+23 6.446748005033058594e+12
-4.437970341108788261e+02 -1.791022537826773769e+05 2.114939560898717609e+05 1.423329575394395215e+04 -2.306621981513342234e+01 -1.619368970152271814e+01 6.446748005033058594e+12 4.131491337290131582e+02
