1.587252681132536509e+03 6.857238636845983565e+05 -7.986595749102636473e+05 -5.012716057694701885e+04 1.797178340288583058e+04 -2.522765562122258203e+13 4.272563361315977090e+04
6.857238636845983565e+05 2.979895771395736337e+08 -3.468192647245153785e+08 -2.210067997826608643e+07 7.753184604645378888e+06 -1.091672098689219800e+16 1.841277863721144944e+07
-7.986595749102636473e+05 -3.468192647245153785e+08 4.037603659568605423e+08 2.567043861473155022e+07 -9.031989822514217347e+06 1.271386062862197200e+16 -2.145413230941016972e+07
-5.012716057694701885e+04 -2.210067997826608643e+07 2.567043861473155022e+07 1.707545631405812688e+06 -5.642634546988420188e+05 8.003565434491503750e+14 -1.335295608749299543e+06
1.797178340288583058e+04 7.753184604645378888e+06 -9.031989822514217347e+06 -5.642634546988420188e+05 2.035836060728202283e+05 -2.855728449374616875e+14 4.841708229317264631e+05
-2.522765562122258203e+13 -1.091672098689219800e+16 1.271386062862197200e+16 8.003565434491503750e+14 -2.855728449374616875e+14 4.012574614413174616e+23 -6.788263601005368750e+14
4.272563361315977090e+04 1.841277863721144944e+07 -2.145413230941016972e+07 -1.335295608749299543e+06 4.841708229317264631e+05 -6.788263601005368750e+14 1.151848723873480922e+06
