1.445063993074485076e+00 1.523300153366386212e+03 -1.221239205417296716e+03 -8.474997932771027820e+01 -4.511842957180821228e+10 2.384951651832880604e-01 2.535131963866533766e+01 4.276703218748333768e+01 5.333939867097410747e+00
1.523300153366386212e+03 1.636254459837672533e+06 -1.422097399216713617e+06 -9.526950486701398040e+04 -5.005113434999353125e+13 2.597628000686460155e+02 2.814292481908087575e+04 4.522557140705698112e+04 5.907024619290494229e+03
-1.221239205417296716e+03 -1.422097399216713617e+06 2.005782308865818661e+06 9.824563291956632747e+04 5.802923217226445312e+13 -2.635651400384006138e+02 -3.335274936610031727e+04 -3.853692176889930852e+04 -5.711523485676198106e+03
-8.474997932771027820e+01 -9.526950486701398040e+04 9.824563291956632747e+04 6.257183410848443600e+03 3.124732752608145020e+12 -1.565369518549494465e+01 -1.760277484806046232e+03 -2.525972314620018551e+03 -3.676518012001267834e+02
-4.511842957180821228e+10 -5.005113434999353125e+13 5.802923217226445312e+13 3.124732752608145020e+12 1.823511063850578346e+21 -8.716642398597648621e+09 -1.042208181432050049e+12 -1.390437332356049805e+12 -1.881137017767153320e+11
2.384951651832880604e-01 2.597628000686460155e+02 -2.635651400384006138e+02 -1.565369518549494465e+01 -8.716642398597648621e+09 4.335473610402087313e-02 4.945070740174365653e+00 7.208505087853583682e+00 9.551483589021922960e-01
2.535131963866533766e+01 2.814292481908087575e+04 -3.335274936610031727e+04 -1.760277484806046232e+03 -1.042208181432050049e+12 4.945070740174365653e+00 5.978059021366252637e+02 7.856274968769783982e+02 1.045696865525571155e+02
4.276703218748333768e+01 4.522557140705698112e+04 -3.853692176889930852e+04 -2.525972314620018551e+03 -1.390437332356049805e+12 7.208505087853583682e+00 7.856274968769783982e+02 1.277482124004128764e+03 1.578237630191866572e+02
5.333939867097410747e+00 5.907024619290494229e+03 -5.711523485676198106e+03 -3.676518012001267834e+02 -1.881137017767153320e+11 9.551483589021922960e-01 1.045696865525571155e+02 1.578237630191866572e+02 2.406595307169844489e+01
