5.747591455192074363e+02 2.865457328813517233e+05 -4.926457372811310343e+05 -2.869679363774634840e+04 7.462456780938337943e+03 4.681827711162286221e+01 -1.278934814200458594e+13 1.642424454703164884e+04
2.865457328813517233e+05 1.960441745624127984e+08 -2.909414926718265414e+08 -1.735536080229346082e+07 4.900356740993803367e+06 2.852452658092055935e+04 -8.007886942255582000e+15 8.612679556046580896e+06
-4.926457372811310343e+05 -2.909414926718265414e+08 4.610740569089155793e+08 2.710580596816029027e+07 -7.417095242204844952e+06 -4.460311707095643942e+04 1.237627473986421800e+16 -1.444542089687550440e+07
-2.869679363774634840e+04 -1.735536080229346082e+07 2.710580596816029027e+07 1.717548927122326801e+06 -4.250867991115349578e+05 -2.617882169937779054e+03 7.137933588434642500e+14 -8.386522428556138184e+05
7.462456780938337943e+03 4.900356740993803367e+06 -7.417095242204844952e+06 -4.250867991115349578e+05 1.253580968137465679e+05 7.262764924019766113e+02 -2.049799978273975000e+14 2.233842321051276522e+05
4.681827711162286221e+01 2.852452658092055935e+04 -4.460311707095643942e+04 -2.617882169937779054e+03 7.262764924019766113e+02 4.365041438272156959e+00 -1.207139665768527100e+12 1.381898766919669470e+03
-1.278934814200458594e+13 -8.007886942255582000e+15 1.237627473986421800e+16 7.137933588434642500e+14 -2.049799978273975000e+14 -1.207139665768527100e+12 3.384662645869603644e+23 -3.794969921249378125e+14
1.642424454703164884e+04 8.612679556046580896e+06 -1.444542089687550440e+07 -8.386522428556138184e+05 2.233842321051276522e+05 1.381898766919669470e+03 -3.794969921249378125e+14 4.736226764210456749e+05
