7.937479038891706296e+02 3.280754793063019752e+05 -3.997826002866050112e+05 -2.506071232071669874e+04 7.242815001553497495e+03 -1.233875668959895117e+13 2.082064011188843870e+04
3.280754793063019752e+05 1.366697198708775043e+08 -1.660303433587210476e+08 -1.060254117230659910e+07 2.985051393020150717e+06 -5.099039734683011000e+15 8.582950692543225363e+06
-3.997826002866050112e+05 -1.660303433587210476e+08 2.020928102814647555e+08 1.283655240128404088e+07 -3.640084104044829961e+06 6.210021977769065000e+15 -1.046890370267533325e+07
-2.506071232071669874e+04 -1.060254117230659910e+07 1.283655240128404088e+07 8.631998936818914954e+05 -2.261244473804677546e+05 3.875254200783379375e+14 -6.506518473602102604e+05
7.242815001553497495e+03 2.985051393020150717e+06 -3.640084104044829961e+06 -2.261244473804677546e+05 6.618744788381492253e+04 -1.126665842484893906e+14 1.902166752376522927e+05
-1.233875668959895117e+13 -5.099039734683011000e+15 6.210021977769065000e+15 3.875254200783379375e+14 -1.126665842484893906e+14 1.920564689518698326e+23 -3.238247624640373750e+14
2.082064011188843870e+04 8.582950692543225363e+06 -1.046890370267533325e+07 -6.506518473602102604e+05 1.902166752376522927e+05 -3.238247624640373750e+14 5.468621750935520977e+05
