5.379008145289946015e+02 2.625457483332974953e+05 -3.112456638921846170e+05 7.675592609825063497e+06 6.055204075172059675e+03 3.663824861482127905e+08 1.506130954283515938e+14 1.651032668029106208e+04
2.625457483332974953e+05 1.808417860355820954e+08 -2.106185883472794890e+08 1.292526005517070770e+10 4.207799728661560453e+06 6.159677634654619141e+11 2.626662298969594880e+17 8.382468594600244425e+06
-3.112456638921846170e+05 -2.106185883472794890e+08 2.467540825148207843e+08 -1.457628978639730835e+10 -4.925486320039378479e+06 -6.946705756368337402e+11 -2.959403011173899520e+17 -9.931732188592899591e+06
7.675592609825063497e+06 1.292526005517070770e+10 -1.457628978639730835e+10 4.064731246739110000e+15 2.650527242391695082e+08 1.935061227071079040e+17 8.454446602082249920e+22 2.877831212399379015e+08
6.055204075172059675e+03 4.207799728661560453e+06 -4.925486320039378479e+06 2.650527242391695082e+08 1.001509854675160313e+05 1.263250571668729210e+10 5.366270374459681000e+15 1.942518321716783976e+05
3.663824861482127905e+08 6.159677634654619141e+11 -6.946705756368337402e+11 1.935061227071079040e+17 1.263250571668729210e+10 9.212077568073257984e+18 4.024834789043219475e+24 1.373108929708408165e+10
1.506130954283515938e+14 2.626662298969594880e+17 -2.959403011173899520e+17 8.454446602082249920e+22 5.366270374459681000e+15 4.024834789043219475e+24 1.758484676447390699e+30 5.696388777366257000e+15
1.651032668029106208e+04 8.382468594600244425e+06 -9.931732188592899591e+06 2.877831212399379015e+08 1.942518321716783976e+05 1.373108929708408165e+10 5.696388777366257000e+15 5.091457164511157898e+05
