5.112560820515636237e+02 2.302281951535149128e+05 -2.731969860905375099e+05 -1.783747980858218216e+04 5.332762588448034876e+03 3.037613846012524732e+01 -8.344686819576474609e+12 1.556898109326125632e+04
2.302281951535149128e+05 1.329411100871577710e+08 -1.557382137052906752e+08 -9.681842664904765785e+06 3.132490415628741495e+06 1.686041753930576306e+04 -4.825312637621924000e+15 7.198481494694920257e+06
-2.731969860905375099e+05 -1.557382137052906752e+08 1.836301982433795631e+08 1.127510364680511877e+07 -3.693016585495641921e+06 -1.992392847292131773e+04 5.694021390718536000e+15 -8.544613997366707772e+06
-1.783747980858218216e+04 -9.681842664904765785e+06 1.127510364680511877e+07 7.913816435531313764e+05 -2.160473851865196193e+05 -1.214241407373094034e+03 3.368148611388639375e+14 -5.500600241399933584e+05
5.332762588448034876e+03 3.132490415628741495e+06 -3.693016585495641921e+06 -2.160473851865196193e+05 7.581810705363268789e+04 4.015087127156065208e+02 -1.161805360217422656e+14 1.677233934698742232e+05
3.037613846012524732e+01 1.686041753930576306e+04 -1.992392847292131773e+04 -1.214241407373094034e+03 4.015087127156065208e+02 2.190882757008495663e+00 -6.206085448756740723e+11 9.482047333490244228e+02
-8.344686819576474609e+12 -4.825312637621924000e+15 5.694021390718536000e+15 3.368148611388639375e+14 -1.161805360217422656e+14 -6.206085448756740723e+11 1.787748914866766951e+23 -2.619608420623465625e+14
1.556898109326125632e+04 7.198481494694920257e+06 -8.544613997366707772e+06 -5.500600241399933584e+05 1.677233934698742232e+05 9.482047333490244228e+02 -2.619608420623465625e+14 4.756696017610467970e+05
