4.880475371232209000e+03 1.825545947723169093e+03 -1.182706094437815955e+04 -4.532778160615847810e+03 -6.650014372708335941e+03 8.758456402961058984e-01 1.084457137294330948e+02 -2.302956727081301324e+03 2.232420122377824555e+03
1.825545947723169093e+03 6.893992883573607742e+02 -4.442117975769555414e+03 -1.761425509186384943e+03 -2.480568851758514938e+03 3.277572017765956192e-01 4.046885417195918677e+01 -8.576861026920947779e+02 8.418493370155180173e+02
-1.182706094437815955e+04 -4.442117975769555414e+03 2.872917325020227872e+04 1.116988167069851988e+04 1.611151966985394210e+04 -2.122811961009121173e+00 -2.631216369706413616e+02 5.575533267354774580e+03 -5.382047397289220498e+03
-4.532778160615847810e+03 -1.761425509186384943e+03 1.116988167069851988e+04 5.110218888831315780e+03 6.050403167475646114e+03 -8.221441944535125002e-01 -9.883531952952645838e+01 2.079704819246262105e+03 -2.149574385600564256e+03
-6.650014372708335941e+03 -2.480568851758514938e+03 1.611151966985394210e+04 6.050403167475646114e+03 9.096792114428362765e+03 -1.191493439781282415e+00 -1.486326823557065495e+02 3.151870490004417206e+03 -2.991125371518466636e+03
8.758456402961058984e-01 3.277572017765956192e-01 -2.122811961009121173e+00 -8.221441944535125002e-01 -1.191493439781282415e+00 1.575688018143965553e-04 1.942574144505056569e-02 -4.124392410753272564e-01 4.020561676084201119e-01
1.084457137294330948e+02 4.046885417195918677e+01 -2.631216369706413616e+02 -9.883531952952645838e+01 -1.486326823557065495e+02 1.942574144505056569e-02 2.435605741308045857e+00 -5.149341910453185989e+01 4.781318646963253371e+01
-2.302956727081301324e+03 -8.576861026920947779e+02 5.575533267354774580e+03 2.079704819246262105e+03 3.151870490004417206e+03 -4.124392410753272564e-01 -5.149341910453185989e+01 1.092477382311446945e+03 -1.033790062211757686e+03
2.232420122377824555e+03 8.418493370155180173e+02 -5.382047397289220498e+03 -2.149574385600564256e+03 -2.991125371518466636e+03 4.020561676084201119e-01 4.781318646963253371e+01 -1.033790062211757686e+03 1.176827711928824783e+03
