1.643539680120450264e+00 1.583244981907237843e+03 -1.389827645419812825e+03 -9.770607793622561132e+01 2.858837126010813279e+01 2.790632721438031094e-01 -5.074946180375708771e+10 4.761004038241925684e+01
1.583244981907237843e+03 1.546371988361706492e+06 -1.452879432460080832e+06 -9.892015795963285200e+04 2.881094009902038306e+04 2.761982050385375942e+02 -5.104400825007746875e+13 4.603925225443815725e+04
-1.389827645419812825e+03 -1.452879432460080832e+06 2.145330348901170772e+06 1.099130969794599514e+05 -3.612713586569339532e+04 -3.013049605273459406e+02 6.269982205502668750e+13 -4.266301956003812666e+04
-9.770607793622561132e+01 -9.892015795963285200e+04 1.099130969794599514e+05 7.110184634618867676e+03 -1.986540871650041481e+03 -1.835943165222557028e+01 3.512202995946250000e+12 -2.851639018000261785e+03
2.858837126010813279e+01 2.881094009902038306e+04 -3.612713586569339532e+04 -1.986540871650041481e+03 6.508762541980712513e+02 5.658206818952077555e+00 -1.132898342209000977e+12 8.635789824441516203e+02
2.790632721438031094e-01 2.761982050385375942e+02 -3.013049605273459406e+02 -1.835943165222557028e+01 5.658206818952077555e+00 5.290638040656657493e-02 -9.954984909668771744e+09 8.246266634873476775e+00
-5.074946180375708771e+10 -5.104400825007746875e+13 6.269982205502668750e+13 3.512202995946250000e+12 -1.132898342209000977e+12 -9.954984909668771744e+09 1.978123893967116829e+21 -1.525098947410801758e+12
4.761004038241925684e+01 4.603925225443815725e+04 -4.266301956003812666e+04 -2.851639018000261785e+03 8.635789824441516203e+02 8.246266634873476775e+00 -1.525098947410801758e+12 1.391101971577043741e+03
