-9.180651982397347689e+07 -8.873898509424942732e+07 -1.912628035408408880e+09 -1.147845643445416689e+09 -1.214514893129172266e+13 -5.156513958396248817e+08 6.212162889080506829e+03 1.325655827633826266e+04 -6.378383024781553447e+07
-8.873898509424942732e+07 -4.758132930832054138e+10 -1.183086290476720459e+12 -7.225480260786412354e+11 -7.522692439493852000e+15 -3.273075733521841431e+11 3.846393732327609789e+06 8.190863598260663450e+06 -2.291380196320790863e+10
-1.912628035408408880e+09 -1.183086290476720459e+12 1.689340233352838867e+12 1.013766477027323853e+12 1.070921019201441600e+16 4.382681835393187256e+11 -5.481127554410637356e+06 -1.168248080495424382e+07 4.484498341912084198e+10
-1.147845643445416689e+09 -7.225480260786412354e+11 1.013766477027323853e+12 5.725094208057338715e+10 5.602914095850936875e+14 2.948256179457409668e+10 -2.863769740708699683e+05 -6.132642592123307986e+05 1.422872716308336020e+09
-1.214514893129172266e+13 -7.522692439493852000e+15 1.070921019201441600e+16 5.602914095850936875e+14 2.832549451823545665e+23 1.052629225564933325e+19 -1.450522703874853750e+14 -3.084328276898667500e+14 1.191389580295736576e+18
-5.156513958396248817e+08 -3.273075733521841431e+11 4.382681835393187256e+11 2.948256179457409668e+10 1.052629225564933325e+19 -4.375284535781382769e+07 6.186498094964974825e+02 1.316736236271892722e+03 -5.487106033528317697e+06
6.212162889080506829e+03 3.846393732327609789e+06 -5.481127554410637356e+06 -2.863769740708699683e+05 -1.450522703874853750e+14 6.186498094964974825e+02 7.435789040645025671e+04 1.579468497532360198e+05 -6.727426291562323570e+08
1.325655827633826266e+04 8.190863598260663450e+06 -1.168248080495424382e+07 -6.132642592123307986e+05 -3.084328276898667500e+14 1.316736236271892722e+03 1.579468497532360198e+05 3.380345712272363016e+05 -1.462340359432392120e+09
-6.378383024781553447e+07 -2.291380196320790863e+10 4.484498341912084198e+10 1.422872716308336020e+09 1.191389580295736576e+18 -5.487106033528317697e+06 -6.727426291562323570e+08 -1.462340359432392120e+09 -1.337407964523485005e+08
