Starting
wahoo!
nignignig
/scratch/p319950/data/data_fiducial
/scratch/p319950/data/data_H2p
/scratch/p319950/data/data_H1p
/scratch/p319950/data/data_H1m
/scratch/p319950/data/data_H2m
/scratch/p319950/data/data_ombh22p
/scratch/p319950/data/data_ombh21p
/scratch/p319950/data/data_ombh21m
/scratch/p319950/data/data_ombh22m
/scratch/p319950/data/data_omch22p
/scratch/p319950/data/data_omch21p
/scratch/p319950/data/data_omch21m
/scratch/p319950/data/data_omch22m
/scratch/p319950/data/data_ns2p
/scratch/p319950/data/data_ns1p
/scratch/p319950/data/data_ns1m
/scratch/p319950/data/data_ns2m
/scratch/p319950/data/data_As2p
/scratch/p319950/data/data_As1p
/scratch/p319950/data/data_As1m
/scratch/p319950/data/data_As2m
/scratch/p319950/data/data_mnu2p
/scratch/p319950/data/data_mnu1p
/scratch/p319950/data/data_mnu1m
/scratch/p319950/data/data_mnu2m
/scratch/p319950/data/data_w02p
/scratch/p319950/data/data_w01p
/scratch/p319950/data/data_w01m
/scratch/p319950/data/data_w02m
[[ 7.21859499e+00  1.83473419e+00 -1.45468172e+01 -1.93821124e+00
   2.77227313e-01 -9.02220580e+00 -3.51298653e+00]
 [ 1.83473419e+00  5.11468909e-01 -3.82290639e+00 -8.81690525e-01
   7.04920642e-02 -2.24589063e+00 -8.84381549e-01]
 [-1.45468172e+01 -3.82290639e+00  2.96664255e+01  5.01581744e+00
  -5.58578281e-01  1.80461349e+01  7.05560491e+00]
 [-1.93821124e+00 -8.81690525e-01  5.01581744e+00  4.25336634e+00
  -7.20688928e-02  1.95900114e+00  8.69447068e-01]
 [ 2.77227313e-01  7.04920642e-02 -5.58578281e-01 -7.20688928e-02
   1.06669982e-02 -3.46858189e-01 -1.34905800e-01]
 [-9.02220580e+00 -2.24589063e+00  1.80461349e+01  1.95900114e+00
  -3.46858189e-01  1.13345007e+01  4.39975793e+00]
 [-3.51298653e+00 -8.84381549e-01  7.05560491e+00  8.69447068e-01
  -1.34905800e-01  4.39975793e+00  1.71129547e+00]]
[[ 5.78350209e+02  6.84835881e+01 -4.71217702e+02 -2.52313437e+02
   8.36536571e+00 -2.49174166e+02 -2.46662642e+02]
 [ 6.84835881e+01  8.24006706e+00 -5.63418508e+01 -3.09043701e+01
   9.97208461e-01 -2.97548996e+01 -2.92084350e+01]
 [-4.71217702e+02 -5.63418508e+01  3.86240859e+02  2.09778080e+02
  -6.84380558e+00  2.04076045e+02  2.00984091e+02]
 [-2.52313437e+02 -3.09043701e+01  2.09778080e+02  1.18355893e+02
  -3.70083229e+00  1.10603502e+02  1.07579402e+02]
 [ 8.36536571e+00  9.97208461e-01 -6.84380558e+00 -3.70083229e+00
   1.21341173e-01 -3.61711370e+00 -3.56799205e+00]
 [-2.49174166e+02 -2.97548996e+01  2.04076045e+02  1.10603502e+02
  -3.61711370e+00  1.07855534e+02  1.06284242e+02]
 [-2.46662642e+02 -2.92084350e+01  2.00984091e+02  1.07579402e+02
  -3.56799205e+00  1.06284242e+02  1.05211495e+02]]
[[ 5.88405126e+02  7.05983979e+01 -4.88362694e+02 -2.57408810e+02
   8.66423625e+00 -2.58762845e+02 -2.51316256e+02]
 [ 7.05983979e+01  8.79146209e+00 -6.05110535e+01 -3.21085595e+01
   1.07162945e+00 -3.21251937e+01 -3.02111649e+01]
 [-4.88362694e+02 -6.05110535e+01  4.19640517e+02  2.17989008e+02
  -7.44094073e+00  2.23344637e+02  2.09126551e+02]
 [-2.57408810e+02 -3.21085595e+01  2.17989008e+02  1.24804734e+02
  -3.81280992e+00  1.13695789e+02  1.09756543e+02]
 [ 8.66423625e+00  1.07162945e+00 -7.44094073e+00 -3.81280992e+00
   1.32376315e-01 -3.97703005e+00 -3.71222356e+00]
 [-2.58762845e+02 -3.21251937e+01  2.23344637e+02  1.13695789e+02
  -3.97703005e+00  1.19679129e+02  1.10940553e+02]
 [-2.51316256e+02 -3.02111649e+01  2.09126551e+02  1.09756543e+02
  -3.71222356e+00  1.10940553e+02  1.07385733e+02]]
Done

###############################################################################
H치br칩k Cluster
Job 15569072 for user p319950
Finished at: Fri Mar  7 14:00:58 CET 2025

Job details:
============

Job ID                         : 15569072
Name                           : JFFish
User                           : p319950
Partition                      : himemshort
Nodes                          : memory4
Number of Nodes                : 1
Cores                          : 1
Number of Tasks                : 1
State                          : COMPLETED  
Submit                         : 2025-03-07T13:24:07
Start                          : 2025-03-07T13:24:08
End                            : 2025-03-07T14:00:54
Reserved walltime              : 02:00:00
Used walltime                  : 00:36:46
Used CPU time                  : 00:36:25 (Efficiency: 99.03%)
% User (Computation)           : 97.74%
% System (I/O)                 :  2.26%
Total memory reserved          : 80G
Maximum memory used            : 64.62G

Acknowledgements:
=================

Please see this page for information about acknowledging H치br칩k in your publications:

https://wiki.hpc.rug.nl/habrok/introduction/scientific_output

################################################################################
